name,team,position,jersey_number,height,weight,age,birth_date,college,draft_year,draft_round,draft_pick,years_pro,games_played,games_started,twitter_handle,instagram_handle,twitter_followers,instagram_followers,wikipedia_url,career_highlights,awards,data_source,scraped_at
Trey Benson,cardinals,RB,33.0,"7'2""",216,,,Florida State,,,,,,,,,,,,,,nfl.com,2025-07-18 17:09:24.786022
Budda Baker,cardinals,S,3.0,"7'0""",195,,,Washington,,,,,,,,,,,,,,nfl.com,2025-07-18 17:09:24.785249
Andre Baccellia,cardinals,WR,82.0,"7'0""",175,,,Washington,,,,,,,,,,,,,,nfl.com,2025-07-18 17:09:24.784809
Isaiah Adams,cardinals,G,74.0,"7'6""",316,,,Illinois,,,,,,,,,,,,,,nfl.com,2025-07-18 17:09:24.784373
Joey Blount,cardinals,SAF,32.0,"7'3""",201,,,Virginia,,,,,,,,,,,,,,nfl.com,2025-07-18 17:09:24.786355
Ekow Boye-Doe,cardinals,CB,35.0,"7'2""",177,,,Kansas State,,,,,,,,,,,,,,nfl.com,2025-07-18 17:09:24.787834
Kelvin Beachum,cardinals,OT,68.0,"7'5""",308,,,SMU,,,,,,,,,,,,,,nfl.com,2025-07-18 17:09:24.785422
Aaron Brewer,cardinals,LS,46.0,"7'7""",232,,,San Diego State,,,,,,,,,,,,,,nfl.com,2025-07-18 17:09:24.789077
Evan Brown,cardinals,C,62.0,"7'5""",320,,,SMU,,,,,,,,,,,,,,nfl.com,2025-07-18 17:09:24.806035
Sean Murphy-Bunting,cardinals,CB,23.0,"7'2""",195,,,Central Michigan,,,,,,,,,,,,,,nfl.com,2025-07-18 17:09:24.807474
Jacoby Brissett,cardinals,QB,7.0,"7'6""",235,,,N.C. State,,,,,,,,,,,,,,nfl.com,2025-07-18 17:09:24.804048
Denzel Burke,cardinals,CB,29.0,"7'1""",186,,,Ohio State,,,,,,,,,,,,,,nfl.com,2025-07-18 17:09:24.810353
Elliott Brown,cardinals,LB,41.0,"7'7""",240,,,Virginia,,,,,,,,,,,,,,nfl.com,2025-07-18 17:09:24.804589
Jordan Burch,cardinals,LB,52.0,"7'6""",279,,,Oregon,,,,,,,,,,,,,,nfl.com,2025-07-18 17:09:24.808010
Baron Browning,cardinals,LB,5.0,"7'5""",240,,,Ohio State,,,,,,,,,,,,,,nfl.com,2025-07-18 17:09:24.806712
KeiTrel Clark,cardinals,CB,13.0,"7'0""",181,,,Louisville,,,,,,,,,,,,,,nfl.com,2025-07-18 17:09:24.818517
L.J. Collier,cardinals,DE,91.0,"7'5""",291,,,TCU,,,,,,,,,,,,,,nfl.com,2025-07-18 17:09:24.818728
Jeremiah Byers,cardinals,OT,67.0,"7'6""",320,,,Florida State,,,,,,,,,,,,,,nfl.com,2025-07-18 17:09:24.811825
Michael Carter,cardinals,RB,22.0,"6'8""",201,,,North Carolina,,,,,,,,,,,,,,nfl.com,2025-07-18 17:09:24.817411
Oscar Cardenas,cardinals,TE,45.0,"7'6""",265,,,Texas-San Antonio,,,,,,,,,,,,,,nfl.com,2025-07-18 17:09:24.816807
Calais Campbell,cardinals,DE,93.0,"8'0""",307,,,Miami,,,,,,,,,,,,,,nfl.com,2025-07-18 17:09:24.812684
James Conner,cardinals,RB,6.0,"7'3""",233,,,Pittsburgh,,,,,,,,,,,,,,nfl.com,2025-07-18 17:09:24.825500
Hayden Conner,cardinals,G,58.0,"7'8""",314,,,Texas,,,,,,,,,,,,,,nfl.com,2025-07-18 17:09:24.824809
Kitan Crawford,cardinals,SAF,36.0,"7'1""",202,,,Nevada,,,,,,,,,,,,,,nfl.com,2025-07-18 17:09:24.826286
Jake Curhan,cardinals,OT,64.0,"7'8""",316,,,California,,,,,,,,,,,,,,nfl.com,2025-07-18 17:09:24.826858
Jaden Davis,cardinals,DB,39.0,"7'0""",182,,,Miami,,,,,,,,,,,,,,nfl.com,2025-07-18 17:09:24.828604
DeeJay Dallas,cardinals,RB,20.0,"7'0""",214,,,Miami,,,,,,,,,,,,,,nfl.com,2025-07-18 17:09:24.828382
Akeem Davis-Gaither,cardinals,LB,27.0,"7'4""",238,,,Appalachian State,,,,,,,,,,,,,,nfl.com,2025-07-18 17:09:24.829099
Zaven Collins,cardinals,LB,25.0,"7'6""",260,,,Tulsa,,,,,,,,,,,,,,nfl.com,2025-07-18 17:09:24.818947
Simi Fehoko,cardinals,WR,80.0,"7'6""",218,,,Stanford,,,,,,,,,,,,,,nfl.com,2025-07-18 17:09:24.830782
Hjalte Froholdt,cardinals,G,72.0,"7'7""",310,,,Arkansas,,,,,,,,,,,,,,nfl.com,2025-07-18 17:09:24.830947
Josh Fryar,cardinals,OT,78.0,"7'7""",320,,,Ohio State,,,,,,,,,,,,,,nfl.com,2025-07-18 17:09:24.831079
Greg Dortch,cardinals,WR,4.0,"6'7""",175,,,Wake Forest,,,,,,,,,,,,,,nfl.com,2025-07-18 17:09:24.830554
Blake Gillikin,cardinals,P,12.0,"7'4""",196,,,Penn State,,,,,,,,,,,,,,nfl.com,2025-07-18 17:09:24.831483
Anthony Goodlow,cardinals,DE,95.0,"7'7""",283,,,Oklahoma State,,,,,,,,,,,,,,nfl.com,2025-07-18 17:09:24.831638
Bryson Green,cardinals,WR,30.0,"7'3""",207,,,Wisconsin,,,,,,,,,,,,,,nfl.com,2025-07-18 17:09:24.831761
Josiah Deguara,cardinals,TE,47.0,"7'4""",238,,,Cincinnati,,,,,,,,,,,,,,nfl.com,2025-07-18 17:09:24.829589
Darren Hall,cardinals,CB,30.0,"7'2""",190,,,San Diego State,,,,,,,,,,,,,,nfl.com,2025-07-18 17:09:24.831877
Sincere Haynesworth,cardinals,OL,61.0,"7'3""",300,,,Tulane,,,,,,,,,,,,,,nfl.com,2025-07-18 17:09:24.832802
Elijah Higgins,cardinals,TE,84.0,"7'5""",234,,,Stanford,,,,,,,,,,,,,,nfl.com,2025-07-18 17:09:24.833008
Marvin Harrison Jr.,cardinals,WR,18.0,"7'5""",209,,,Ohio State,,,,,,,,,,,,,,nfl.com,2025-07-18 17:09:24.832174
Jon Gaines II,cardinals,G,59.0,"7'6""",303,,,UCLA,,,,,,,,,,,,,,nfl.com,2025-07-18 17:09:24.831325
McClendon Curtis,cardinals,G,66.0,"7'8""",325,,,Tennessee-Chattanooga,,,,,,,,,,,,,,nfl.com,2025-07-18 17:09:24.827724
Trishton Jackson,cardinals,WR,86.0,"7'3""",191,,,Syracuse,,,,,,,,,,,,,,nfl.com,2025-07-18 17:09:24.833288
Patrick Jenkins,cardinals,DE,,"7'4""",293,,,Tulane,,,,,,,,,,,,,,nfl.com,2025-07-18 17:09:24.833502
Will Johnson,cardinals,CB,,"7'4""",194,,,Michigan,,,,,,,,,,,,,,nfl.com,2025-07-18 17:09:24.833678
Elijah Jones,cardinals,CB,28.0,"7'3""",185,,,Boston College,,,,,,,,,,,,,,nfl.com,2025-07-18 17:09:24.835104
Jaylon Jones,cardinals,DB,37.0,"7'1""",190,,,Mississippi,,,,,,,,,,,,,,nfl.com,2025-07-18 17:09:24.836802
Zay Jones,cardinals,WR,17.0,"7'4""",200,,,East Carolina,,,,,,,,,,,,,,nfl.com,2025-07-18 17:09:24.835870
Paris Johnson Jr.,cardinals,OT,70.0,"7'8""",313,,,Ohio State,,,,,,,,,,,,,,nfl.com,2025-07-18 17:09:24.833822
Bam Knight,cardinals,RB,35.0,"7'1""",209,,,N.C. State,,,,,,,,,,,,,,nfl.com,2025-07-18 17:09:24.837663
Emari Demercado,cardinals,RB,31.0,"6'9""",215,,,TCU,,,,,,,,,,,,,,nfl.com,2025-07-18 17:09:24.830282
Christian Jones,cardinals,OT,75.0,"7'7""",305,,,Texas,,,,,,,,,,,,,,nfl.com,2025-07-18 17:09:24.834860
Trey McBride,cardinals,TE,85.0,"7'6""",246,,,Colorado State,,,,,,,,,,,,,,nfl.com,2025-07-18 17:09:24.838543
Nick Leverett,cardinals,G,60.0,"7'6""",310,,,Rice,,,,,,,,,,,,,,nfl.com,2025-07-18 17:09:24.837913
Max Melton,cardinals,CB,16.0,"7'1""",187,,,Rutgers,,,,,,,,,,,,,,nfl.com,2025-07-18 17:09:24.838791
Kyler Murray,cardinals,QB,1.0,"7'0""",207,,,Oklahoma,,,,,,,,,,,,,,nfl.com,2025-07-18 17:09:24.838997
PJ Mustipher,cardinals,DT,79.0,"7'6""",318,,,Penn State,,,,,,,,,,,,,,nfl.com,2025-07-18 17:09:24.839617
Vi Jones,cardinals,LB,53.0,"7'4""",225,,,N.C. State,,,,,,,,,,,,,,nfl.com,2025-07-18 17:09:24.837376
Royce Newman,cardinals,G,71.0,"7'7""",310,,,Mississippi,,,,,,,,,,,,,,nfl.com,2025-07-18 17:09:24.839839
Bilal Nichols,cardinals,DT,92.0,"7'5""",313,,,Delaware,,,,,,,,,,,,,,nfl.com,2025-07-18 17:09:24.840038
Walter Nolen,cardinals,DT,97.0,"7'6""",296,,,Mississippi,,,,,,,,,,,,,,nfl.com,2025-07-18 17:09:24.840536
Tejhaun Palmer,cardinals,WR,83.0,"7'4""",210,,,UAB,,,,,,,,,,,,,,nfl.com,2025-07-18 17:09:24.840896
Justin Jones,cardinals,DT,98.0,"7'5""",309,,,N.C. State,,,,,,,,,,,,,,nfl.com,2025-07-18 17:09:24.837018
Owen Pappoe,cardinals,LB,44.0,"7'2""",225,,,Auburn,,,,,,,,,,,,,,nfl.com,2025-07-18 17:09:24.841107
BJ Ojulari,cardinals,LB,9.0,"7'4""",248,,,LSU,,,,,,,,,,,,,,nfl.com,2025-07-18 17:09:24.840747
Jammie Robinson,cardinals,SAF,26.0,"7'1""",195,,,Florida State,,,,,,,,,,,,,,nfl.com,2025-07-18 17:09:24.842119
Tip Reiman,cardinals,TE,87.0,"7'7""",271,,,Illinois,,,,,,,,,,,,,,nfl.com,2025-07-18 17:09:24.841734
J.J. Russell,cardinals,ILB,51.0,"7'3""",225,,,Memphis,,,,,,,,,,,,,,nfl.com,2025-07-18 17:09:24.842501
Chad Ryland,cardinals,K,38.0,"7'2""",195,,,Maryland,,,,,,,,,,,,,,nfl.com,2025-07-18 17:09:24.843208
Darius Robinson,cardinals,DL,56.0,"7'7""",285,,,Missouri,,,,,,,,,,,,,,nfl.com,2025-07-18 17:09:24.841992
Dante Stills,cardinals,DT,55.0,"7'6""",286,,,West Virginia,,,,,,,,,,,,,,nfl.com,2025-07-18 17:09:24.844483
Dadrion Taylor-Demerson,cardinals,DB,42.0,"7'0""",197,,,Texas Tech,,,,,,,,,,,,,,nfl.com,2025-07-18 17:09:24.845480
Elijah Simmons,cardinals,DL,96.0,"7'3""",334,,,Tennessee,,,,,,,,,,,,,,nfl.com,2025-07-18 17:09:24.843613
Josh Sweat,cardinals,OLB,10.0,"7'7""",265,,,Florida State,,,,,,,,,,,,,,nfl.com,2025-07-18 17:09:24.844729
Valentin Senn,cardinals,OT,69.0,"7'9""",310,,,Connecticut,,,,,,,,,,,,,,nfl.com,2025-07-18 17:09:24.843455
Starling Thomas V,cardinals,CB,24.0,"7'0""",194,,,UAB,,,,,,,,,,,,,,nfl.com,2025-07-18 17:09:24.846296
Jalen Thompson,cardinals,DB,34.0,"7'1""",190,,,Washington State,,,,,,,,,,,,,,nfl.com,2025-07-18 17:09:24.846501
Xavier Thomas,cardinals,LB,54.0,"7'4""",245,,,Clemson,,,,,,,,,,,,,,nfl.com,2025-07-18 17:09:24.845796
Dalvin Tomlinson,cardinals,DE,94.0,"7'5""",325,,,Alabama,,,,,,,,,,,,,,nfl.com,2025-07-18 17:09:24.847104
Clayton Tune,cardinals,QB,15.0,"7'5""",220,,,Houston,,,,,,,,,,,,,,nfl.com,2025-07-18 17:09:24.847346
Cody Simon,cardinals,LB,50.0,"7'4""",229,,,Ohio State,,,,,,,,,,,,,,nfl.com,2025-07-18 17:09:24.844244
Travis Vokolek,cardinals,TE,81.0,"7'8""",260,,,Nebraska,,,,,,,,,,,,,,nfl.com,2025-07-18 17:09:24.847803
Quez Watkins,cardinals,WR,16.0,"7'2""",193,,,Southern Mississippi,,,,,,,,,,,,,,nfl.com,2025-07-18 17:09:24.848296
Xavier Weaver,cardinals,WR,89.0,"7'3""",169,,,Colorado,,,,,,,,,,,,,,nfl.com,2025-07-18 17:09:24.848460
Jonah Williams,cardinals,OT,73.0,"7'7""",312,,,Alabama,,,,,,,,,,,,,,nfl.com,2025-07-18 17:09:24.849199
Garrett Williams,cardinals,CB,21.0,"7'0""",192,,,Syracuse,,,,,,,,,,,,,,nfl.com,2025-07-18 17:09:24.849518
Benton Whitley,cardinals,LB,49.0,"7'6""",260,,,Holy Cross,,,,,,,,,,,,,,nfl.com,2025-07-18 17:09:24.848637
Mykal Walker,cardinals,LB,43.0,"7'5""",230,,,Fresno State,,,,,,,,,,,,,,nfl.com,2025-07-18 17:09:24.848158
Michael Wilson,cardinals,WR,14.0,"7'4""",213,,,Stanford,,,,,,,,,,,,,,nfl.com,2025-07-18 17:09:24.850089
Mack Wilson,cardinals,LB,2.0,"7'3""",246,,,Alabama,,,,,,,,,,,,,,nfl.com,2025-07-18 17:09:24.849698
Jamal Agnew,falcons,WR,14.0,"7'0""",190,,,San Diego,,,,,,,,,,,,,,nfl.com,2025-07-18 17:09:32.686387
Tyler Allgeier,falcons,RB,25.0,"7'1""",225,,,BYU,,,,,,,,,,,,,,nfl.com,2025-07-18 17:09:32.686825
Jessie Bates,falcons,FS,3.0,"7'3""",210,,,Wake Forest,,,,,,,,,,,,,,nfl.com,2025-07-18 17:09:32.687578
Matthew Bergeron,falcons,OL,65.0,"7'7""",315,,,Syracuse,,,,,,,,,,,,,,nfl.com,2025-07-18 17:09:32.687656
Troy Andersen,falcons,LB,44.0,"7'6""",239,,,Montana State,,,,,,,,,,,,,,nfl.com,2025-07-18 17:09:32.687244
Simeon Barrow Jr.,falcons,DL,91.0,"7'3""",283,,,Miami,,,,,,,,,,,,,,nfl.com,2025-07-18 17:09:32.687326
Cobee Bryant,falcons,CB,37.0,"7'2""",180,,,Kansas,,,,,,,,,,,,,,nfl.com,2025-07-18 17:09:32.690548
Billy Bowman Jr.,falcons,SAF,33.0,"7'0""",192,,,Oklahoma,,,,,,,,,,,,,,nfl.com,2025-07-18 17:09:32.689533
Natrone Brooks,falcons,DB,35.0,"7'1""",176,,,Southern Mississippi,,,,,,,,,,,,,,nfl.com,2025-07-18 17:09:32.690000
JD Bertrand,falcons,LB,40.0,"7'3""",230,,,Notre Dame,,,,,,,,,,,,,,nfl.com,2025-07-18 17:09:32.688367
Chris Blair,falcons,WR,19.0,"7'4""",215,,,Alcorn State,,,,,,,,,,,,,,nfl.com,2025-07-18 17:09:32.689403
Nate Carter,falcons,RB,33.0,"7'0""",202,,,Michigan State,,,,,,,,,,,,,,nfl.com,2025-07-18 17:09:32.690797
Matthew Cindric,falcons,OL,73.0,"7'6""",295,,,California,,,,,,,,,,,,,,nfl.com,2025-07-18 17:09:32.691086
Jashaun Corbin,falcons,RB,,"7'1""",200,,,Florida State,,,,,,,,,,,,,,nfl.com,2025-07-18 17:09:32.691369
Kirk Cousins,falcons,QB,18.0,"7'5""",205,,,Michigan State,,,,,,,,,,,,,,nfl.com,2025-07-18 17:09:32.691618
Brandon Dorlus,falcons,DE,54.0,"7'5""",295,,,Oregon,,,,,,,,,,,,,,nfl.com,2025-07-18 17:09:32.692148
Elijah Dotson,falcons,RB,41.0,"6'9""",202,,,Northern Colorado,,,,,,,,,,,,,,nfl.com,2025-07-18 17:09:32.692405
Dylan Drummond,falcons,WR,81.0,"7'2""",190,,,Eastern Michigan,,,,,,,,,,,,,,nfl.com,2025-07-18 17:09:32.692645
Divine Deablo,falcons,LB,,"7'5""",226,,,Virginia Tech,,,,,,,,,,,,,,nfl.com,2025-07-18 17:09:32.691854
Leonard Floyd,falcons,DE,56.0,"7'5""",240,,,Georgia,,,,,,,,,,,,,,nfl.com,2025-07-18 17:09:32.693397
Dee Alford,falcons,DB,20.0,"7'1""",180,,,Tusculum College,,,,,,,,,,,,,,nfl.com,2025-07-18 17:09:32.693568
Arnold Ebiketie,falcons,LB,17.0,"7'4""",250,,,Penn State,,,,,,,,,,,,,,nfl.com,2025-07-18 17:09:32.692889
Mike Ford,falcons,DB,28.0,"7'2""",194,,,Southeast Missouri State,,,,,,,,,,,,,,nfl.com,2025-07-18 17:09:32.694000
Kaden Elliss,falcons,LB,55.0,"7'4""",240,,,Idaho,,,,,,,,,,,,,,nfl.com,2025-07-18 17:09:32.693220
Morgan Fox,falcons,DE,99.0,"7'5""",259,,,Colorado State (Pueblo),,,,,,,,,,,,,,nfl.com,2025-07-18 17:09:32.694311
Feleipe Franks,falcons,TE,15.0,"7'8""",234,,,Arkansas,,,,,,,,,,,,,,nfl.com,2025-07-18 17:09:32.694589
Jordan Fuller,falcons,SAF,27.0,"7'4""",203,,,Ohio State,,,,,,,,,,,,,,nfl.com,2025-07-18 17:09:32.694788
Michael Gonzalez,falcons,OL,,"7'6""",305,,,Louisville,,,,,,,,,,,,,,nfl.com,2025-07-18 17:09:32.695036
TaQuon Graham,falcons,DT,95.0,"7'6""",300,,,Texas,,,,,,,,,,,,,,nfl.com,2025-07-18 17:09:32.695413
Joshua Gray,falcons,G,67.0,"7'7""",299,,,Oregon State,,,,,,,,,,,,,,nfl.com,2025-07-18 17:09:32.695633
Jovaughn Gwyn,falcons,G,52.0,"7'4""",310,,,South Carolina,,,,,,,,,,,,,,nfl.com,2025-07-18 17:09:32.695869
Zach Harrison,falcons,DE,96.0,"7'7""",270,,,Ohio State,,,,,,,,,,,,,,nfl.com,2025-07-18 17:09:32.696191
DeMarcco Hellams,falcons,SAF,23.0,"7'3""",203,,,Alabama,,,,,,,,,,,,,,nfl.com,2025-07-18 17:09:32.696426
Kyle Hinton,falcons,G,68.0,"7'4""",315,,,Washburn,,,,,,,,,,,,,,nfl.com,2025-07-18 17:09:32.696608
KhaDarel Hodge,falcons,WR,4.0,"7'4""",208,,,Prairie View A&M,,,,,,,,,,,,,,nfl.com,2025-07-18 17:09:32.696864
Mike Hughes,falcons,CB,21.0,"7'0""",191,,,UCF,,,,,,,,,,,,,,nfl.com,2025-07-18 17:09:32.697120
Lamar Jackson,falcons,CB,38.0,"7'4""",208,,,Nebraska,,,,,,,,,,,,,,nfl.com,2025-07-18 17:09:32.697443
Emory Jones,falcons,QB,11.0,"7'4""",210,,,Cincinnati,,,,,,,,,,,,,,nfl.com,2025-07-18 17:09:32.697936
Younghoe Koo,falcons,K,6.0,"7'0""",195,,,Georgia Southern,,,,,,,,,,,,,,nfl.com,2025-07-18 17:09:32.699142
Kevin King,falcons,CB,32.0,"7'5""",200,,,Washington,,,,,,,,,,,,,,nfl.com,2025-07-18 17:09:32.698719
Caleb Johnson,falcons,LB,53.0,"7'4""",220,,,Houston Christian University,,,,,,,,,,,,,,nfl.com,2025-07-18 17:09:32.697602
Nikola Kalinic,falcons,TE,88.0,"7'6""",245,,,York (Canada),,,,,,,,,,,,,,nfl.com,2025-07-18 17:09:32.698145
Lenny Krieg,falcons,K,46.0,"7'3""",211,,,,,,,,,,,,,,,,,nfl.com,2025-07-18 17:09:32.699438
Khalid Kareem,falcons,LB,92.0,"7'6""",268,,,Notre Dame,,,,,,,,,,,,,,nfl.com,2025-07-18 17:09:32.698449
Nick Kubitz,falcons,ILB,59.0,"7'5""",229,,,North Dakota State,,,,,,,,,,,,,,nfl.com,2025-07-18 17:09:32.699748
Chris Lindstrom,falcons,G,63.0,"7'5""",310,,,Boston College,,,,,,,,,,,,,,nfl.com,2025-07-18 17:09:32.700085
Drake London,falcons,WR,5.0,"7'6""",213,,,USC,,,,,,,,,,,,,,nfl.com,2025-07-18 17:09:32.700353
LaCale London,falcons,DT,94.0,"7'5""",330,,,Western Illinois,,,,,,,,,,,,,,nfl.com,2025-07-18 17:09:32.700568
Dontae Manning,falcons,CB,41.0,"7'0""",190,,,Oregon,,,,,,,,,,,,,,nfl.com,2025-07-18 17:09:32.701137
Jesse Matthews,falcons,WR,86.0,"7'2""",190,,,San Diego State,,,,,,,,,,,,,,nfl.com,2025-07-18 17:09:32.701558
Ray-Ray McCloud,falcons,WR,34.0,"6'9""",185,,,Clemson,,,,,,,,,,,,,,nfl.com,2025-07-18 17:09:32.701717
DeAngelo Malone,falcons,LB,51.0,"7'5""",235,,,Western Kentucky,,,,,,,,,,,,,,nfl.com,2025-07-18 17:09:32.700829
Liam McCullough,falcons,LS,49.0,"7'4""",247,,,Ohio State,,,,,,,,,,,,,,nfl.com,2025-07-18 17:09:32.702106
Jake Matthews,falcons,OT,70.0,"7'7""",309,,,Texas A&M,,,,,,,,,,,,,,nfl.com,2025-07-18 17:09:32.701317
Darnell Mooney,falcons,WR,1.0,"7'1""",180,,,Tulane,,,,,,,,,,,,,,nfl.com,2025-07-18 17:09:32.702656
Nick Nash,falcons,WR,80.0,"7'4""",203,,,San Jose State,,,,,,,,,,,,,,nfl.com,2025-07-18 17:09:32.702855
Ryan Neuzil,falcons,G,64.0,"7'5""",301,,,Appalachian State,,,,,,,,,,,,,,nfl.com,2025-07-18 17:09:32.703655
Kaleb McGary,falcons,OT,76.0,"7'8""",330,,,Washington,,,,,,,,,,,,,,nfl.com,2025-07-18 17:09:32.702453
David Onyemata,falcons,DT,90.0,"7'5""",300,,,Manitoba (Canada),,,,,,,,,,,,,,nfl.com,2025-07-18 17:09:32.704248
Jack Nelson,falcons,OT,69.0,"7'9""",314,,,Wisconsin,,,,,,,,,,,,,,nfl.com,2025-07-18 17:09:32.703363
Ruke Orhorhoro,falcons,DT,98.0,"7'6""",294,,,Clemson,,,,,,,,,,,,,,nfl.com,2025-07-18 17:09:32.704752
Storm Norton,falcons,OT,77.0,"7'9""",310,,,Toledo,,,,,,,,,,,,,,nfl.com,2025-07-18 17:09:32.704094
James Pearce Jr.,falcons,DE,27.0,"7'7""",242,,,Tennessee,,,,,,,,,,,,,,nfl.com,2025-07-18 17:09:32.705291
Michael Penix Jr.,falcons,QB,9.0,"7'5""",220,,,Washington,,,,,,,,,,,,,,nfl.com,2025-07-18 17:09:32.705433
Clark Phillips III,falcons,CB,22.0,"6'9""",185,,,Utah,,,,,,,,,,,,,,nfl.com,2025-07-18 17:09:32.705663
Brandon Parker,falcons,OT,75.0,"8'0""",320,,,North Carolina A&T,,,,,,,,,,,,,,nfl.com,2025-07-18 17:09:32.704895
Bradley Pinion,falcons,P,13.0,"7'7""",265,,,Clemson,,,,,,,,,,,,,,nfl.com,2025-07-18 17:09:32.706098
Kyle Pitts,falcons,TE,8.0,"7'8""",250,,,Florida,,,,,,,,,,,,,,nfl.com,2025-07-18 17:09:32.706396
Makai Polk,falcons,WR,83.0,"7'5""",197,,,Mississippi State,,,,,,,,,,,,,,nfl.com,2025-07-18 17:09:32.706681
Teagan Quitoriano,falcons,TE,85.0,"7'8""",259,,,Oregon State,,,,,,,,,,,,,,nfl.com,2025-07-18 17:09:32.707026
Bijan Robinson,falcons,RB,7.0,"7'1""",215,,,Texas,,,,,,,,,,,,,,nfl.com,2025-07-18 17:09:32.707363
David Sills,falcons,WR,87.0,"7'5""",211,,,West Virginia,,,,,,,,,,,,,,nfl.com,2025-07-18 17:09:32.707631
Joshua Simon,falcons,TE,47.0,"7'6""",195,,,South Carolina,,,,,,,,,,,,,,nfl.com,2025-07-18 17:09:32.707828
Quincy Skinner Jr.,falcons,WR,36.0,"7'4""",205,,,Vanderbilt,,,,,,,,,,,,,,nfl.com,2025-07-18 17:09:32.708088
Easton Stick,falcons,QB,12.0,"7'3""",217,,,North Dakota State,,,,,,,,,,,,,,nfl.com,2025-07-18 17:09:32.708325
Kentavius Street,falcons,DE,93.0,"7'4""",315,,,N.C. State,,,,,,,,,,,,,,nfl.com,2025-07-18 17:09:32.708551
Keith Taylor,falcons,CB,39.0,"7'5""",195,,,Washington,,,,,,,,,,,,,,nfl.com,2025-07-18 17:09:32.708774
A.J. Terrell,falcons,CB,24.0,"7'3""",200,,,Clemson,,,,,,,,,,,,,,nfl.com,2025-07-18 17:09:32.709004
Josh Thompson,falcons,DB,,"7'2""",194,,,Texas,,,,,,,,,,,,,,nfl.com,2025-07-18 17:09:32.709324
Malik Verdon,falcons,SAF,43.0,"7'5""",218,,,Iowa State,,,,,,,,,,,,,,nfl.com,2025-07-18 17:09:32.709818
Jalon Walker,falcons,DE,11.0,"7'4""",245,,,Georgia,,,,,,,,,,,,,,nfl.com,2025-07-18 17:09:32.710068
Carlos Washington,falcons,RB,26.0,"7'1""",210,,,Southeastern Louisiana,,,,,,,,,,,,,,nfl.com,2025-07-18 17:09:32.710261
Casey Washington,falcons,WR,82.0,"7'2""",205,,,Illinois,,,,,,,,,,,,,,nfl.com,2025-07-18 17:09:32.710533
Bralen Trice,falcons,LB,48.0,"7'5""",245,,,Washington,,,,,,,,,,,,,,nfl.com,2025-07-18 17:09:32.709587
Xavier Watts,falcons,SAF,31.0,"7'1""",204,,,Notre Dame,,,,,,,,,,,,,,nfl.com,2025-07-18 17:09:32.711061
Charlie Woerner,falcons,TE,89.0,"7'7""",250,,,Georgia,,,,,,,,,,,,,,nfl.com,2025-07-18 17:09:32.712188
Tyrone Wheatley Jr.,falcons,OT,74.0,"7'8""",265,,,Stony Brook,,,,,,,,,,,,,,nfl.com,2025-07-18 17:09:32.711383
Jordan Williams,falcons,OT,62.0,"7'8""",315,,,Georgia Tech,,,,,,,,,,,,,,nfl.com,2025-07-18 17:09:32.711979
Elijah Wilkinson,falcons,OT,71.0,"7'6""",310,,,UMass Amherst,,,,,,,,,,,,,,nfl.com,2025-07-18 17:09:32.711562
Kilian Zierer,falcons,OT,72.0,"7'9""",312,,,Auburn,,,,,,,,,,,,,,nfl.com,2025-07-18 17:09:32.713223
Josh Woods,falcons,LB,42.0,"7'3""",240,,,Maryland,,,,,,,,,,,,,,nfl.com,2025-07-18 17:09:32.712429
Rasheen Ali,ravens,RB,26.0,"7'1""",212,,,Marshall,,,,,,,,,,,,,,nfl.com,2025-07-18 17:09:42.717537
Mark Andrews,ravens,TE,89.0,"7'7""",250,,,Oklahoma,,,,,,,,,,,,,,nfl.com,2025-07-18 17:09:42.717793
Jaire Alexander,ravens,CB,,"7'0""",196,,,Louisville,,,,,,,,,,,,,,nfl.com,2025-07-18 17:09:42.717242
Jalyn Armour-Davis,ravens,CB,5.0,"7'3""",197,,,Alabama,,,,,,,,,,,,,,nfl.com,2025-07-18 17:09:42.718069
Chidobe Awuzie,ravens,CB,25.0,"7'2""",202,,,Colorado,,,,,,,,,,,,,,nfl.com,2025-07-18 17:09:42.718459
Jahmal Banks,ravens,WR,86.0,"7'5""",218,,,Nebraska,,,,,,,,,,,,,,nfl.com,2025-07-18 17:09:42.718580
Rashod Bateman,ravens,WR,7.0,"7'3""",195,,,Minnesota,,,,,,,,,,,,,,nfl.com,2025-07-18 17:09:42.720104
Beau Brade,ravens,SAF,28.0,"7'2""",209,,,Maryland,,,,,,,,,,,,,,nfl.com,2025-07-18 17:09:42.720465
Corey Bullock,ravens,OT,67.0,"7'5""",314,,,Maryland,,,,,,,,,,,,,,nfl.com,2025-07-18 17:09:42.720973
Gerad Lichtenhan,ravens,OT,78.0,"8'0""",315,,,Oregon State,,,,,,,,,,,,,,nfl.com,2025-07-18 17:09:42.721248
Ben Cleveland,ravens,G,66.0,"7'8""",360,,,Georgia,,,,,,,,,,,,,,nfl.com,2025-07-18 17:09:42.725036
Teddye Buchanan,ravens,LB,40.0,"7'4""",235,,,California,,,,,,,,,,,,,,nfl.com,2025-07-18 17:09:42.720770
Malik Cunningham,ravens,WR,12.0,"7'3""",186,,,Louisville,,,,,,,,,,,,,,nfl.com,2025-07-18 17:09:42.725631
Darrian Dalcourt,ravens,G,76.0,"7'5""",320,,,Alabama,,,,,,,,,,,,,,nfl.com,2025-07-18 17:09:42.725904
Garrett Dellinger,ravens,G,74.0,"7'7""",320,,,LSU,,,,,,,,,,,,,,nfl.com,2025-07-18 17:09:42.726252
Daniel Faalele,ravens,G,77.0,"8'0""",380,,,Minnesota,,,,,,,,,,,,,,nfl.com,2025-07-18 17:09:42.726568
Diwun Black,ravens,LB,54.0,"7'6""",246,,,Temple,,,,,,,,,,,,,,nfl.com,2025-07-18 17:09:42.720257
Zay Flowers,ravens,WR,4.0,"6'9""",175,,,Boston College,,,,,,,,,,,,,,nfl.com,2025-07-18 17:09:42.727139
Xavier Guillory,ravens,WR,87.0,"7'4""",203,,,Arizona State,,,,,,,,,,,,,,nfl.com,2025-07-18 17:09:42.727641
Malik Hamm,ravens,LB,59.0,"7'5""",254,,,Lafayette College,,,,,,,,,,,,,,nfl.com,2025-07-18 17:09:42.727900
Derrick Henry,ravens,RB,22.0,"7'5""",247,,,Alabama,,,,,,,,,,,,,,nfl.com,2025-07-18 17:09:42.728392
Mike Green,ravens,LB,,"7'5""",248,,,Marshall,,,,,,,,,,,,,,nfl.com,2025-07-18 17:09:42.727356
Justice Hill,ravens,RB,43.0,"7'0""",195,,,Oklahoma State,,,,,,,,,,,,,,nfl.com,2025-07-18 17:09:42.729186
Kyle Hamilton,ravens,SAF,14.0,"7'6""",224,,,Notre Dame,,,,,,,,,,,,,,nfl.com,2025-07-18 17:09:42.728190
DeAndre Hopkins,ravens,WR,10.0,"7'3""",218,,,Clemson,,,,,,,,,,,,,,nfl.com,2025-07-18 17:09:42.729635
Jay Higgins,ravens,LB,49.0,"7'2""",233,,,Iowa,,,,,,,,,,,,,,nfl.com,2025-07-18 17:09:42.728774
John Hoyland,ravens,K,5.0,"7'0""",200,,,Wyoming,,,,,,,,,,,,,,nfl.com,2025-07-18 17:09:42.731225
Reid Holskey,ravens,OT,56.0,"7'8""",302,,,Miami (Ohio),,,,,,,,,,,,,,nfl.com,2025-07-18 17:09:42.729443
Marlon Humphrey,ravens,CB,44.0,"7'2""",203,,,Alabama,,,,,,,,,,,,,,nfl.com,2025-07-18 17:09:42.733046
Ozzie Hutchinson,ravens,G,65.0,"7'7""",309,,,Albany,,,,,,,,,,,,,,nfl.com,2025-07-18 17:09:42.733387
Desmond Igbinosun,ravens,SAF,41.0,"7'4""",223,,,Rutgers,,,,,,,,,,,,,,nfl.com,2025-07-18 17:09:42.733543
Jacob Hummel,ravens,LB,35.0,"7'3""",235,,,Iowa State,,,,,,,,,,,,,,nfl.com,2025-07-18 17:09:42.732245
Keondre Jackson,ravens,SAF,39.0,"7'4""",211,,,Illinois State,,,,,,,,,,,,,,nfl.com,2025-07-18 17:09:42.734342
Lamar Jackson,ravens,QB,8.0,"7'4""",205,,,Louisville,,,,,,,,,,,,,,nfl.com,2025-07-18 17:09:42.734580
John Jenkins,ravens,DT,,"7'5""",327,,,Georgia,,,,,,,,,,,,,,nfl.com,2025-07-18 17:09:42.734912
Jayson Jones,ravens,DT,69.0,"7'8""",325,,,Auburn,,,,,,,,,,,,,,nfl.com,2025-07-18 17:09:42.735380
Adisa Isaac,ravens,LB,50.0,"7'6""",254,,,Penn State,,,,,,,,,,,,,,nfl.com,2025-07-18 17:09:42.734125
Travis Jones,ravens,DT,98.0,"7'6""",338,,,Connecticut,,,,,,,,,,,,,,nfl.com,2025-07-18 17:09:42.735761
Sanoussi Kane,ravens,SAF,21.0,"7'1""",210,,,Purdue,,,,,,,,,,,,,,nfl.com,2025-07-18 17:09:42.736126
Keith Kirkwood,ravens,WR,18.0,"7'5""",210,,,Temple,,,,,,,,,,,,,,nfl.com,2025-07-18 17:09:42.736393
Charlie Kolar,ravens,TE,88.0,"7'8""",267,,,Iowa State,,,,,,,,,,,,,,nfl.com,2025-07-18 17:09:42.736778
Bilhal Kone,ravens,CB,31.0,"7'4""",190,,,Western Michigan,,,,,,,,,,,,,,nfl.com,2025-07-18 17:09:42.737322
Emery Jones Jr.,ravens,OT,51.0,"7'7""",315,,,LSU,,,,,,,,,,,,,,nfl.com,2025-07-18 17:09:42.735992
Devin Leary,ravens,QB,13.0,"7'3""",215,,,Kentucky,,,,,,,,,,,,,,nfl.com,2025-07-18 17:09:42.737873
Isaiah Likely,ravens,TE,80.0,"7'6""",247,,,Coastal Carolina,,,,,,,,,,,,,,nfl.com,2025-07-18 17:09:42.738092
Tyler Linderbaum,ravens,C,64.0,"7'4""",314,,,Iowa,,,,,,,,,,,,,,nfl.com,2025-07-18 17:09:42.738282
Robert Longerbeam,ravens,CB,37.0,"7'1""",175,,,Rutgers,,,,,,,,,,,,,,nfl.com,2025-07-18 17:09:42.738507
William Kwenkeu,ravens,LB,57.0,"7'3""",235,,,Temple,,,,,,,,,,,,,,nfl.com,2025-07-18 17:09:42.737668
Tyler Loop,ravens,K,33.0,"7'1""",191,,,Arizona,,,,,,,,,,,,,,nfl.com,2025-07-18 17:09:42.739056
Reuben Lowery,ravens,CB,30.0,"6'9""",204,,,Tennessee-Chattanooga,,,,,,,,,,,,,,nfl.com,2025-07-18 17:09:42.739288
Nnamdi Madubuike,ravens,DT,92.0,"7'5""",305,,,Texas A&M,,,,,,,,,,,,,,nfl.com,2025-07-18 17:09:42.739546
Marcus Major,ravens,RB,36.0,"7'2""",213,,,Minnesota,,,,,,,,,,,,,,nfl.com,2025-07-18 17:09:42.739767
Keyon Martin,ravens,CB,38.0,"6'9""",170,,,Louisiana-Lafayette,,,,,,,,,,,,,,nfl.com,2025-07-18 17:09:42.740223
Anthony Miller,ravens,WR,6.0,"7'1""",190,,,Memphis,,,,,,,,,,,,,,nfl.com,2025-07-18 17:09:42.740396
Keaton Mitchell,ravens,RB,34.0,"6'8""",191,,,East Carolina,,,,,,,,,,,,,,nfl.com,2025-07-18 17:09:42.740596
Zaire Mitchell-Paden,ravens,TE,84.0,"7'7""",257,,,Florida Atlantic,,,,,,,,,,,,,,nfl.com,2025-07-18 17:09:42.740818
Chandler Martin,ravens,LB,48.0,"7'2""",230,,,Memphis,,,,,,,,,,,,,,nfl.com,2025-07-18 17:09:42.740001
Nick Moore,ravens,LS,46.0,"7'4""",260,,,Georgia,,,,,,,,,,,,,,nfl.com,2025-07-18 17:09:42.741152
Adedayo Odeleye,ravens,DE,94.0,"7'7""",271,,,,,,,,,,,,,,,,,nfl.com,2025-07-18 17:09:42.741625
Basil Okoye,ravens,DT,67.0,"7'8""",315,,,,,,,,,,,,,,,,,nfl.com,2025-07-18 17:09:42.742003
Joe Noteboom,ravens,OT,68.0,"7'7""",321,,,TCU,,,,,,,,,,,,,,nfl.com,2025-07-18 17:09:42.741425
Aeneas Peebles,ravens,DT,93.0,"7'2""",289,,,Virginia Tech,,,,,,,,,,,,,,nfl.com,2025-07-18 17:09:42.742480
David Ojabo,ravens,LB,90.0,"7'6""",252,,,Michigan,,,,,,,,,,,,,,nfl.com,2025-07-18 17:09:42.741823
Jared Penning,ravens,G,63.0,"7'7""",319,,,Northern Iowa,,,,,,,,,,,,,,nfl.com,2025-07-18 17:09:42.742887
Odafe Oweh,ravens,LB,99.0,"7'7""",255,,,Penn State,,,,,,,,,,,,,,nfl.com,2025-07-18 17:09:42.742151
Sam Pitz,ravens,TE,85.0,"7'8""",248,,,Duluth/University of Minnesota,,,,,,,,,,,,,,nfl.com,2025-07-18 17:09:42.743541
C.J. Ravenell,ravens,DE,91.0,"7'7""",292,,,Missouri Western,,,,,,,,,,,,,,nfl.com,2025-07-18 17:09:42.743725
Patrick Ricard,ravens,FB,42.0,"7'5""",300,,,Maine,,,,,,,,,,,,,,nfl.com,2025-07-18 17:09:42.743986
Marquise Robinson,ravens,CB,32.0,"7'3""",192,,,Arkansas,,,,,,,,,,,,,,nfl.com,2025-07-18 17:09:42.744282
Cooper Rush,ravens,QB,15.0,"7'5""",225,,,Central Michigan,,,,,,,,,,,,,,nfl.com,2025-07-18 17:09:42.745203
Lucas Scott,ravens,FB,47.0,"7'5""",278,,,Army,,,,,,,,,,,,,,nfl.com,2025-07-18 17:09:42.746257
Tavius Robinson,ravens,LB,95.0,"7'8""",262,,,Mississippi,,,,,,,,,,,,,,nfl.com,2025-07-18 17:09:42.744526
Roger Rosengarten,ravens,OT,70.0,"7'7""",316,,,Washington,,,,,,,,,,,,,,nfl.com,2025-07-18 17:09:42.744706
Kaimon Rucker,ravens,LB,56.0,"7'4""",265,,,North Carolina,,,,,,,,,,,,,,nfl.com,2025-07-18 17:09:42.744879
Nick Samac,ravens,C,61.0,"7'6""",314,,,Michigan State,,,,,,,,,,,,,,nfl.com,2025-07-18 17:09:42.745601
Roquan Smith,ravens,ILB,,"7'3""",230,,,Georgia,,,,,,,,,,,,,,nfl.com,2025-07-18 17:09:42.746736
Malaki Starks,ravens,SAF,24.0,"7'3""",203,,,Georgia,,,,,,,,,,,,,,nfl.com,2025-07-18 17:09:42.747216
Jordan Stout,ravens,P,11.0,"7'5""",209,,,Penn State,,,,,,,,,,,,,,nfl.com,2025-07-18 17:09:42.747604
Trenton Simpson,ravens,LB,23.0,"7'4""",235,,,Clemson,,,,,,,,,,,,,,nfl.com,2025-07-18 17:09:42.746446
T.J. Tampa,ravens,CB,27.0,"7'3""",199,,,Iowa State,,,,,,,,,,,,,,nfl.com,2025-07-18 17:09:42.748022
Ronnie Stanley,ravens,OT,79.0,"7'8""",310,,,Notre Dame,,,,,,,,,,,,,,nfl.com,2025-07-18 17:09:42.746995
Dayton Wade,ravens,WR,82.0,"6'9""",184,,,Mississippi,,,,,,,,,,,,,,nfl.com,2025-07-18 17:09:42.749223
Andrew Vorhees,ravens,G,72.0,"7'8""",320,,,USC,,,,,,,,,,,,,,nfl.com,2025-07-18 17:09:42.748991
Kyle Van Noy,ravens,MLB,53.0,"7'5""",255,,,BYU,,,,,,,,,,,,,,nfl.com,2025-07-18 17:09:42.748432
Devontez Walker,ravens,WR,81.0,"7'3""",198,,,North Carolina,,,,,,,,,,,,,,nfl.com,2025-07-18 17:09:42.749512
Tylan Wallace,ravens,WR,16.0,"7'1""",202,,,Oklahoma State,,,,,,,,,,,,,,nfl.com,2025-07-18 17:09:42.749722
Carson Vinson,ravens,OT,71.0,"7'9""",321,,,Alabama A&M,,,,,,,,,,,,,,nfl.com,2025-07-18 17:09:42.748631
ArDarius Washington,ravens,SAF,29.0,"6'8""",180,,,TCU,,,,,,,,,,,,,,nfl.com,2025-07-18 17:09:42.750134
Broderick Washington,ravens,DT,96.0,"7'4""",314,,,Texas Tech,,,,,,,,,,,,,,nfl.com,2025-07-18 17:09:42.750281
LaJohntay Wester,ravens,WR,83.0,"6'9""",170,,,Colorado,,,,,,,,,,,,,,nfl.com,2025-07-18 17:09:42.750520
Nate Wiggins,ravens,CB,2.0,"7'3""",182,,,Clemson,,,,,,,,,,,,,,nfl.com,2025-07-18 17:09:42.750719
Kelly Akharaiyi,bills,WR,87.0,"7'3""",200,,,Mississippi State,,,,,,,,,,,,,,nfl.com,2025-07-18 17:09:50.484357
Josh Allen,bills,QB,17.0,"7'7""",237,,,Wyoming,,,,,,,,,,,,,,nfl.com,2025-07-18 17:09:50.484645
Tyler Bass,bills,K,2.0,"7'0""",183,,,Georgia Southern,,,,,,,,,,,,,,nfl.com,2025-07-18 17:09:50.485458
Jacob Bayer,bills,C,61.0,"7'5""",310,,,Arkansas State,,,,,,,,,,,,,,nfl.com,2025-07-18 17:09:50.486451
Christian Benford,bills,CB,47.0,"7'3""",205,,,Villanova,,,,,,,,,,,,,,nfl.com,2025-07-18 17:09:50.486621
Alec Anderson,bills,OT,70.0,"7'7""",305,,,UCLA,,,,,,,,,,,,,,nfl.com,2025-07-18 17:09:50.484898
Joe Andreessen,bills,LB,44.0,"7'3""",232,,,Buffalo,,,,,,,,,,,,,,nfl.com,2025-07-18 17:09:50.485243
Cole Bishop,bills,SAF,24.0,"7'4""",207,,,Utah,,,,,,,,,,,,,,nfl.com,2025-07-18 17:09:50.487556
Joey Bosa,bills,DE,97.0,"7'7""",280,,,Ohio State,,,,,,,,,,,,,,nfl.com,2025-07-18 17:09:50.487797
Shane Buechele,bills,QB,6.0,"7'2""",210,,,SMU,,,,,,,,,,,,,,nfl.com,2025-07-18 17:09:50.488349
Terrel Bernard,bills,LB,8.0,"7'3""",224,,,Baylor,,,,,,,,,,,,,,nfl.com,2025-07-18 17:09:50.487309
Jake Camarda,bills,P,32.0,"7'3""",193,,,Georgia,,,,,,,,,,,,,,nfl.com,2025-07-18 17:09:50.488746
DeWayne Carter,bills,DT,90.0,"7'5""",305,,,Duke,,,,,,,,,,,,,,nfl.com,2025-07-18 17:09:50.489075
Spencer Brown,bills,OT,79.0,"8'0""",311,,,Northern Iowa,,,,,,,,,,,,,,nfl.com,2025-07-18 17:09:50.488060
Brandon Codrington,bills,CB,29.0,"6'9""",185,,,North Carolina Central,,,,,,,,,,,,,,nfl.com,2025-07-18 17:09:50.489790
Keon Coleman,bills,WR,,"7'6""",215,,,Florida State,,,,,,,,,,,,,,nfl.com,2025-07-18 17:09:50.489934
James Cook,bills,RB,4.0,"7'1""",190,,,Georgia,,,,,,,,,,,,,,nfl.com,2025-07-18 17:09:50.490138
TeCory Couch,bills,DB,33.0,"7'0""",175,,,Miami,,,,,,,,,,,,,,nfl.com,2025-07-18 17:09:50.490385
Travis Clayton,bills,OT,67.0,"7'9""",301,,,,,,,,,,,,,,,,,nfl.com,2025-07-18 17:09:50.489526
Zach Davidson,bills,TE,84.0,"7'9""",251,,,Central Missouri,,,,,,,,,,,,,,nfl.com,2025-07-18 17:09:50.490881
Ray Davis,bills,RB,22.0,"6'8""",220,,,Kentucky,,,,,,,,,,,,,,nfl.com,2025-07-18 17:09:50.491082
David Edwards,bills,G,76.0,"7'8""",308,,,Wisconsin,,,,,,,,,,,,,,nfl.com,2025-07-18 17:09:50.491424
Mike Edwards,bills,G,65.0,"7'7""",363,,,Campbell University,,,,,,,,,,,,,,nfl.com,2025-07-18 17:09:50.491667
A.J. Epenesa,bills,DE,57.0,"7'8""",260,,,Iowa,,,,,,,,,,,,,,nfl.com,2025-07-18 17:09:50.491879
Darrynton Evans,bills,RB,21.0,"7'0""",203,,,Appalachian State,,,,,,,,,,,,,,nfl.com,2025-07-18 17:09:50.492066
Dion Dawkins,bills,OT,73.0,"7'7""",320,,,Temple,,,,,,,,,,,,,,nfl.com,2025-07-18 17:09:50.491225
Reid Ferguson,bills,LS,69.0,"7'4""",235,,,LSU,,,,,,,,,,,,,,nfl.com,2025-07-18 17:09:50.492397
Darrick Forrest,bills,SAF,28.0,"7'1""",200,,,Cincinnati,,,,,,,,,,,,,,nfl.com,2025-07-18 17:09:50.492725
Reggie Gilliam,bills,FB,41.0,"7'2""",244,,,Toledo,,,,,,,,,,,,,,nfl.com,2025-07-18 17:09:50.493036
Frank Gore Jr.,bills,RB,20.0,"6'8""",195,,,Southern Mississippi,,,,,,,,,,,,,,nfl.com,2025-07-18 17:09:50.493286
Stephen Gosnell,bills,WR,89.0,"7'4""",198,,,Virginia Tech,,,,,,,,,,,,,,nfl.com,2025-07-18 17:09:50.493437
Kendrick Green,bills,C,53.0,"7'6""",315,,,Illinois,,,,,,,,,,,,,,nfl.com,2025-07-18 17:09:50.494292
Shaq Thompson,bills,OLB,,"7'2""",230,,,Washington,,,,,,,,,,,,,,nfl.com,2025-07-18 17:09:50.494565
Maxwell Hairston,bills,CB,,"7'3""",186,,,Kentucky,,,,,,,,,,,,,,nfl.com,2025-07-18 17:09:50.494828
Richard Gouraige,bills,OT,75.0,"7'7""",306,,,Florida,,,,,,,,,,,,,,nfl.com,2025-07-18 17:09:50.493686
Tylan Grable,bills,OT,68.0,"7'7""",309,,,UCF,,,,,,,,,,,,,,nfl.com,2025-07-18 17:09:50.494067
KJ Hamler,bills,WR,19.0,"6'9""",178,,,Penn State,,,,,,,,,,,,,,nfl.com,2025-07-18 17:09:50.495490
Damar Hamlin,bills,SAF,3.0,"7'2""",200,,,Pittsburgh,,,,,,,,,,,,,,nfl.com,2025-07-18 17:09:50.495722
Jordan Hancock,bills,CB,37.0,"7'3""",195,,,Ohio State,,,,,,,,,,,,,,nfl.com,2025-07-18 17:09:50.496088
Daequan Hardy,bills,CB,25.0,"6'9""",178,,,Penn State,,,,,,,,,,,,,,nfl.com,2025-07-18 17:09:50.496331
Hayden Harris,bills,DE,52.0,"7'7""",255,,,Montana,,,,,,,,,,,,,,nfl.com,2025-07-18 17:09:50.496576
Marcus Harris,bills,DT,,"7'5""",295,,,Auburn,,,,,,,,,,,,,,nfl.com,2025-07-18 17:09:50.496926
Jackson Hawes,bills,TE,85.0,"7'6""",253,,,Georgia Tech,,,,,,,,,,,,,,nfl.com,2025-07-18 17:09:50.497096
Michael Hoecht,bills,DE,55.0,"7'6""",310,,,Brown,,,,,,,,,,,,,,nfl.com,2025-07-18 17:09:50.497307
JaMarcus Ingram,bills,CB,46.0,"7'4""",190,,,Buffalo,,,,,,,,,,,,,,nfl.com,2025-07-18 17:09:50.497517
Dane Jackson,bills,CB,23.0,"7'1""",180,,,Pittsburgh,,,,,,,,,,,,,,nfl.com,2025-07-18 17:09:50.497781
Landon Jackson,bills,DE,94.0,"7'8""",264,,,Arkansas,,,,,,,,,,,,,,nfl.com,2025-07-18 17:09:50.497983
Ty Johnson,bills,RB,26.0,"7'0""",210,,,Maryland,,,,,,,,,,,,,,nfl.com,2025-07-18 17:09:50.498606
Taron Johnson,bills,CB,7.0,"7'1""",192,,,Weber State,,,,,,,,,,,,,,nfl.com,2025-07-18 17:09:50.498825
DaQuan Jones,bills,DT,92.0,"7'6""",320,,,Penn State,,,,,,,,,,,,,,nfl.com,2025-07-18 17:09:50.499238
Dalton Kincaid,bills,TE,86.0,"7'6""",240,,,Utah,,,,,,,,,,,,,,nfl.com,2025-07-18 17:09:50.499443
Keonta Jenkins,bills,LB,,"7'5""",219,,,Virginia Tech,,,,,,,,,,,,,,nfl.com,2025-07-18 17:09:50.498348
Dawson Knox,bills,TE,88.0,"7'6""",254,,,Mississippi,,,,,,,,,,,,,,nfl.com,2025-07-18 17:09:50.499966
Keleki Latu,bills,TE,83.0,"7'9""",244,,,Washington,,,,,,,,,,,,,,nfl.com,2025-07-18 17:09:50.500342
Cam Lewis,bills,CB,39.0,"6'9""",183,,,Buffalo,,,,,,,,,,,,,,nfl.com,2025-07-18 17:09:50.500704
Zion Logue,bills,DT,93.0,"7'8""",314,,,Georgia,,,,,,,,,,,,,,nfl.com,2025-07-18 17:09:50.500861
Larry Ogunjobi,bills,DT,99.0,"7'5""",305,,,Charlotte,,,,,,,,,,,,,,nfl.com,2025-07-18 17:09:50.502223
Connor McGovern,bills,G,66.0,"7'7""",318,,,Penn State,,,,,,,,,,,,,,nfl.com,2025-07-18 17:09:50.501389
Matt Milano,bills,OLB,58.0,"7'2""",223,,,Boston College,,,,,,,,,,,,,,nfl.com,2025-07-18 17:09:50.501655
Elijah Moore,bills,WR,18.0,"7'0""",180,,,Mississippi,,,,,,,,,,,,,,nfl.com,2025-07-18 17:09:50.501886
Ed Oliver,bills,DT,91.0,"7'3""",287,,,Houston,,,,,,,,,,,,,,nfl.com,2025-07-18 17:09:50.502514
Wande Owens,bills,DB,30.0,"7'1""",210,,,New Hampshire,,,,,,,,,,,,,,nfl.com,2025-07-18 17:09:50.502963
Josh Palmer,bills,WR,5.0,"7'3""",210,,,Tennessee,,,,,,,,,,,,,,nfl.com,2025-07-18 17:09:50.503249
Daryl Porter,bills,DB,38.0,"7'0""",185,,,Miami,,,,,,,,,,,,,,nfl.com,2025-07-18 17:09:50.503565
Chase Lundt,bills,OT,77.0,"7'9""",304,,,Connecticut,,,,,,,,,,,,,,nfl.com,2025-07-18 17:09:50.501169
Kaden Prather,bills,WR,81.0,"7'5""",204,,,Maryland,,,,,,,,,,,,,,nfl.com,2025-07-18 17:09:50.503833
Taylor Rapp,bills,SAF,9.0,"7'2""",208,,,Washington,,,,,,,,,,,,,,nfl.com,2025-07-18 17:09:50.504165
Rush Reimer,bills,G,63.0,"7'7""",305,,,California,,,,,,,,,,,,,,nfl.com,2025-07-18 17:09:50.504366
Brad Robbins,bills,P,40.0,"7'3""",203,,,Michigan,,,,,,,,,,,,,,nfl.com,2025-07-18 17:09:50.504601
Casey Rogers,bills,DT,72.0,"7'7""",305,,,Oregon,,,,,,,,,,,,,,nfl.com,2025-07-18 17:09:50.504803
Greg Rousseau,bills,DE,50.0,"7'8""",266,,,Miami,,,,,,,,,,,,,,nfl.com,2025-07-18 17:09:50.505057
Curtis Samuel,bills,WR,1.0,"7'1""",195,,,Ohio State,,,,,,,,,,,,,,nfl.com,2025-07-18 17:09:50.505334
T.J. Sanders,bills,DT,,"7'6""",290,,,South Carolina,,,,,,,,,,,,,,nfl.com,2025-07-18 17:09:50.505668
Khalil Shakir,bills,WR,10.0,"7'2""",190,,,Boise State,,,,,,,,,,,,,,nfl.com,2025-07-18 17:09:50.505894
Paris Shand,bills,DE,59.0,"7'6""",268,,,LSU,,,,,,,,,,,,,,nfl.com,2025-07-18 17:09:50.506165
Tyrell Shavers,bills,WR,80.0,"7'6""",211,,,San Diego State,,,,,,,,,,,,,,nfl.com,2025-07-18 17:09:50.506365
Laviska Shenault Jr.,bills,WR,15.0,"7'3""",227,,,Colorado,,,,,,,,,,,,,,nfl.com,2025-07-18 17:09:50.506645
Javon Solomon,bills,DE,56.0,"7'3""",246,,,Troy,,,,,,,,,,,,,,nfl.com,2025-07-18 17:09:50.506893
Dorian Strong,bills,CB,43.0,"7'2""",185,,,Virginia Tech,,,,,,,,,,,,,,nfl.com,2025-07-18 17:09:50.507450
OCyrus Torrence,bills,G,64.0,"7'7""",347,,,Florida,,,,,,,,,,,,,,nfl.com,2025-07-18 17:09:50.507602
Mitchell Trubisky,bills,QB,11.0,"7'5""",222,,,North Carolina,,,,,,,,,,,,,,nfl.com,2025-07-18 17:09:50.507788
Baylon Spector,bills,LB,54.0,"7'2""",233,,,Clemson,,,,,,,,,,,,,,nfl.com,2025-07-18 17:09:50.507176
Sedrick Van Pran-Granger,bills,C,62.0,"7'6""",310,,,Georgia,,,,,,,,,,,,,,nfl.com,2025-07-18 17:09:50.508535
Jalen Virgil,bills,WR,13.0,"7'3""",210,,,Appalachian State,,,,,,,,,,,,,,nfl.com,2025-07-18 17:09:50.508753
Edefuan Ulofoshio,bills,LB,48.0,"7'3""",239,,,Washington,,,,,,,,,,,,,,nfl.com,2025-07-18 17:09:50.508025
Deone Walker,bills,DT,,"7'8""",348,,,Kentucky,,,,,,,,,,,,,,nfl.com,2025-07-18 17:09:50.509153
Mike White,bills,QB,14.0,"7'7""",220,,,Western Kentucky,,,,,,,,,,,,,,nfl.com,2025-07-18 17:09:50.509506
TreDavious White,bills,CB,27.0,"7'1""",192,,,LSU,,,,,,,,,,,,,,nfl.com,2025-07-18 17:09:50.509723
Kristian Wilkerson,bills,WR,82.0,"7'3""",214,,,Southeast Missouri State,,,,,,,,,,,,,,nfl.com,2025-07-18 17:09:50.510172
Ryan Van Demark,bills,OT,74.0,"7'8""",307,,,Connecticut,,,,,,,,,,,,,,nfl.com,2025-07-18 17:09:50.508382
Dorian Williams,bills,LB,42.0,"7'4""",230,,,Tulane,,,,,,,,,,,,,,nfl.com,2025-07-18 17:09:50.510526
Popo Aumavae,panthers,DT,78.0,"7'5""",315,,,Oregon,,,,,,,,,,,,,,nfl.com,2025-07-18 17:10:00.041728
Emani Bailey,panthers,RB,39.0,"6'7""",202,,,TCU,,,,,,,,,,,,,,nfl.com,2025-07-18 17:10:00.042261
Shemar Bartholomew,panthers,CB,27.0,"7'3""",200,,,Georgia Southern,,,,,,,,,,,,,,nfl.com,2025-07-18 17:10:00.042713
Amare Barno,panthers,LB,38.0,"7'8""",245,,,Virginia Tech,,,,,,,,,,,,,,nfl.com,2025-07-18 17:10:00.042617
Carlos Basham,panthers,LB,54.0,"7'5""",274,,,Wake Forest,,,,,,,,,,,,,,nfl.com,2025-07-18 17:10:00.043304
Raheem Blackshear,panthers,RB,3.0,"6'9""",190,,,Virginia Tech,,,,,,,,,,,,,,nfl.com,2025-07-18 17:10:00.043432
Jonathon Brooks,panthers,RB,24.0,"7'2""",207,,,Texas,,,,,,,,,,,,,,nfl.com,2025-07-18 17:10:00.043814
JaTravis Broughton,panthers,CB,43.0,"7'1""",195,,,TCU,,,,,,,,,,,,,,nfl.com,2025-07-18 17:10:00.044023
Derrick Brown,panthers,DT,95.0,"7'7""",320,,,Auburn,,,,,,,,,,,,,,nfl.com,2025-07-18 17:10:00.045219
Bobby Brown III,panthers,DT,97.0,"7'6""",332,,,Texas A&M,,,,,,,,,,,,,,nfl.com,2025-07-18 17:10:00.045418
JaTyre Carter,panthers,G,65.0,"7'5""",311,,,Southern,,,,,,,,,,,,,,nfl.com,2025-07-18 17:10:00.045678
Dan Chisena,panthers,WR,88.0,"7'5""",202,,,Penn State,,,,,,,,,,,,,,nfl.com,2025-07-18 17:10:00.046358
Jalen Coker,panthers,WR,18.0,"7'5""",213,,,Holy Cross,,,,,,,,,,,,,,nfl.com,2025-07-18 17:10:00.046814
Austin Corbett,panthers,C,63.0,"7'6""",306,,,Nevada,,,,,,,,,,,,,,nfl.com,2025-07-18 17:10:00.047084
Claudin Cherelus,panthers,LB,53.0,"7'4""",230,,,Alcorn State,,,,,,,,,,,,,,nfl.com,2025-07-18 17:10:00.045954
Jaden Crumedy,panthers,DT,96.0,"7'6""",309,,,Mississippi State,,,,,,,,,,,,,,nfl.com,2025-07-18 17:10:00.047420
Brady Christensen,panthers,OT,70.0,"7'8""",300,,,BYU,,,,,,,,,,,,,,nfl.com,2025-07-18 17:10:00.046597
Dominique Dafney,panthers,TE,46.0,"7'5""",235,,,Indiana State,,,,,,,,,,,,,,nfl.com,2025-07-18 17:10:00.047769
Andy Dalton,panthers,QB,14.0,"7'4""",220,,,TCU,,,,,,,,,,,,,,nfl.com,2025-07-18 17:10:00.047996
MJ Devonshire,panthers,DB,28.0,"7'1""",186,,,Pittsburgh,,,,,,,,,,,,,,nfl.com,2025-07-18 17:10:00.048290
Rico Dowdle,panthers,RB,5.0,"7'2""",215,,,South Carolina,,,,,,,,,,,,,,nfl.com,2025-07-18 17:10:00.048525
Trevor Etienne,panthers,RB,23.0,"6'8""",198,,,Georgia,,,,,,,,,,,,,,nfl.com,2025-07-18 17:10:00.049112
Akayleb Evans,panthers,CB,29.0,"7'4""",198,,,Missouri,,,,,,,,,,,,,,nfl.com,2025-07-18 17:10:00.049435
Mitchell Evans,panthers,TE,84.0,"7'7""",260,,,Notre Dame,,,,,,,,,,,,,,nfl.com,2025-07-18 17:10:00.049705
Ryan Fitzgerald,panthers,K,35.0,"7'1""",193,,,Florida State,,,,,,,,,,,,,,nfl.com,2025-07-18 17:10:00.050078
Ikem Ekwonu,panthers,OT,79.0,"7'6""",320,,,N.C. State,,,,,,,,,,,,,,nfl.com,2025-07-18 17:10:00.048804
Ethan Garbers,panthers,QB,10.0,"7'4""",207,,,UCLA,,,,,,,,,,,,,,nfl.com,2025-07-18 17:10:00.050482
Jacolby George,panthers,WR,80.0,"7'1""",172,,,Miami,,,,,,,,,,,,,,nfl.com,2025-07-18 17:10:00.050716
Isaac Gifford,panthers,SAF,25.0,"7'2""",203,,,Nebraska,,,,,,,,,,,,,,nfl.com,2025-07-18 17:10:00.051028
Jared Harrison-Hunte,panthers,DL,75.0,"7'6""",294,,,SMU,,,,,,,,,,,,,,nfl.com,2025-07-18 17:10:00.052818
Jaycee Horn,panthers,CB,8.0,"7'3""",200,,,South Carolina,,,,,,,,,,,,,,nfl.com,2025-07-18 17:10:00.053737
Jimmy Horn Jr.,panthers,WR,15.0,"6'8""",171,,,Colorado,,,,,,,,,,,,,,nfl.com,2025-07-18 17:10:00.054159
Chuba Hubbard,panthers,RB,30.0,"7'3""",210,,,Oklahoma State,,,,,,,,,,,,,,nfl.com,2025-07-18 17:10:00.054959
Jack Henderson,panthers,SAF,20.0,"7'4""",215,,,Minnesota,,,,,,,,,,,,,,nfl.com,2025-07-18 17:10:00.053371
Kobe Hudson,panthers,WR,86.0,"7'2""",193,,,UCF,,,,,,,,,,,,,,nfl.com,2025-07-18 17:10:00.055571
Robert Hunt,panthers,OT,50.0,"7'8""",323,,,Louisiana-Lafayette,,,,,,,,,,,,,,nfl.com,2025-07-18 17:10:00.055885
Cam Jackson,panthers,DT,76.0,"7'8""",328,,,Florida,,,,,,,,,,,,,,nfl.com,2025-07-18 17:10:00.056570
J.J. Jansen,panthers,LS,44.0,"7'4""",235,,,Notre Dame,,,,,,,,,,,,,,nfl.com,2025-07-18 17:10:00.057025
Mike Jackson,panthers,CB,2.0,"7'3""",210,,,Miami,,,,,,,,,,,,,,nfl.com,2025-07-18 17:10:00.056230
Thomas Incoom,panthers,LB,48.0,"7'4""",265,,,Central Michigan,,,,,,,,,,,,,,nfl.com,2025-07-18 17:10:00.056038
Josey Jewell,panthers,ILB,47.0,"7'4""",236,,,Iowa,,,,,,,,,,,,,,nfl.com,2025-07-18 17:10:00.057832
Luke Kandra,panthers,G,67.0,"7'6""",319,,,Cincinnati,,,,,,,,,,,,,,nfl.com,2025-07-18 17:10:00.058550
Jarrett Kingston,panthers,G,61.0,"7'6""",308,,,USC,,,,,,,,,,,,,,nfl.com,2025-07-18 17:10:00.058852
Xavier Legette,panthers,WR,17.0,"7'5""",227,,,South Carolina,,,,,,,,,,,,,,nfl.com,2025-07-18 17:10:00.059368
DJ Johnson,panthers,LB,52.0,"7'6""",260,,,Oregon,,,,,,,,,,,,,,nfl.com,2025-07-18 17:10:00.058099
Patrick Jones II,panthers,LB,91.0,"7'6""",264,,,Pittsburgh,,,,,,,,,,,,,,nfl.com,2025-07-18 17:10:00.058273
Damien Lewis,panthers,G,68.0,"7'4""",327,,,LSU,,,,,,,,,,,,,,nfl.com,2025-07-18 17:10:00.059875
Steven Losoya,panthers,G,66.0,"7'5""",324,,,Vanderbilt,,,,,,,,,,,,,,nfl.com,2025-07-18 17:10:00.060281
T.J. Luther,panthers,WR,15.0,"7'1""",195,,,Gardner-Webb,,,,,,,,,,,,,,nfl.com,2025-07-18 17:10:00.060444
Kayron Lynch-Adams,panthers,RB,34.0,"7'0""",215,,,Michigan State,,,,,,,,,,,,,,nfl.com,2025-07-18 17:10:00.060619
Sam Martin,panthers,P,6.0,"7'3""",211,,,Appalachian State,,,,,,,,,,,,,,nfl.com,2025-07-18 17:10:00.060931
Bam Martin-Scott,panthers,LB,57.0,"7'4""",231,,,South Carolina,,,,,,,,,,,,,,nfl.com,2025-07-18 17:10:00.061297
Tetairoa McMillan,panthers,WR,4.0,"7'7""",212,,,Arizona,,,,,,,,,,,,,,nfl.com,2025-07-18 17:10:00.061800
Cade Mays,panthers,G,64.0,"7'8""",325,,,Tennessee,,,,,,,,,,,,,,nfl.com,2025-07-18 17:10:00.061544
Trevon Moehrig,panthers,SAF,7.0,"7'4""",202,,,TCU,,,,,,,,,,,,,,nfl.com,2025-07-18 17:10:00.062373
James Mitchell,panthers,TE,84.0,"7'6""",249,,,Virginia Tech,,,,,,,,,,,,,,nfl.com,2025-07-18 17:10:00.062087
David Moore,panthers,WR,83.0,"7'2""",219,,,East Central,,,,,,,,,,,,,,nfl.com,2025-07-18 17:10:00.062891
Bryce Pierre,panthers,TE,45.0,"7'7""",255,,,UCLA,,,,,,,,,,,,,,nfl.com,2025-07-18 17:10:00.069740
Taylor Moton,panthers,OT,72.0,"7'7""",325,,,Western Michigan,,,,,,,,,,,,,,nfl.com,2025-07-18 17:10:00.063189
Yosh Nijman,panthers,OT,77.0,"7'9""",314,,,Virginia Tech,,,,,,,,,,,,,,nfl.com,2025-07-18 17:10:00.063840
Mapalo Mwansa,panthers,LB,58.0,"7'4""",230,,,,,,,,,,,,,,,,,nfl.com,2025-07-18 17:10:00.063416
Jack Plummer,panthers,QB,16.0,"7'7""",215,,,Louisville,,,,,,,,,,,,,,nfl.com,2025-07-18 17:10:00.071507
Tuasivi Nomura,panthers,LB,71.0,"7'3""",221,,,Fresno State,,,,,,,,,,,,,,nfl.com,2025-07-18 17:10:00.064689
Lathan Ransom,panthers,SAF,22.0,"7'2""",206,,,Ohio State,,,,,,,,,,,,,,nfl.com,2025-07-18 17:10:00.071903
LaBryan Ray,panthers,DT,93.0,"7'6""",290,,,Alabama,,,,,,,,,,,,,,nfl.com,2025-07-18 17:10:00.072409
Hunter Renfrow,panthers,WR,13.0,"7'0""",185,,,Clemson,,,,,,,,,,,,,,nfl.com,2025-07-18 17:10:00.072905
Sam Roberts,panthers,DT,74.0,"7'7""",295,,,NW Missouri State University,,,,,,,,,,,,,,nfl.com,2025-07-18 17:10:00.078609
Michael Reid,panthers,CB,35.0,"7'4""",200,,,South Dakota,,,,,,,,,,,,,,nfl.com,2025-07-18 17:10:00.072690
Demani Richardson,panthers,SAF,36.0,"7'3""",215,,,Texas A&M,,,,,,,,,,,,,,nfl.com,2025-07-18 17:10:00.078193
Jon Rhattigan,panthers,LB,49.0,"7'2""",236,,,Army,,,,,,,,,,,,,,nfl.com,2025-07-18 17:10:00.073223
JaTavion Sanders,panthers,TE,,"7'6""",252,,,Texas,,,,,,,,,,,,,,nfl.com,2025-07-18 17:10:00.079749
Nick Scott,panthers,SAF,21.0,"7'1""",200,,,Penn State,,,,,,,,,,,,,,nfl.com,2025-07-18 17:10:00.088123
AShawn Robinson,panthers,DT,94.0,"7'5""",320,,,Alabama,,,,,,,,,,,,,,nfl.com,2025-07-18 17:10:00.079029
Christian Rozeboom,panthers,LB,56.0,"7'4""",230,,,South Dakota State,,,,,,,,,,,,,,nfl.com,2025-07-18 17:10:00.079500
Nic Scourton,panthers,DE,,"7'6""",280,,,Texas A&M,,,,,,,,,,,,,,nfl.com,2025-07-18 17:10:00.088892
Adam Thielen,panthers,WR,19.0,"7'4""",195,,,Minnesota State,,,,,,,,,,,,,,nfl.com,2025-07-18 17:10:00.091685
Chau Smith-Wade,panthers,CB,26.0,"7'1""",176,,,Washington State,,,,,,,,,,,,,,nfl.com,2025-07-18 17:10:00.089735
Corey Thornton,panthers,CB,31.0,"7'3""",195,,,Louisville,,,,,,,,,,,,,,nfl.com,2025-07-18 17:10:00.092537
Trevian Thomas,panthers,SAF,42.0,"7'1""",196,,,Arkansas State,,,,,,,,,,,,,,nfl.com,2025-07-18 17:10:00.092137
Brycen Tremayne,panthers,WR,87.0,"7'6""",212,,,Stanford,,,,,,,,,,,,,,nfl.com,2025-07-18 17:10:00.093022
Michael Tarquin,panthers,OT,71.0,"7'8""",313,,,Oklahoma,,,,,,,,,,,,,,nfl.com,2025-07-18 17:10:00.091004
Tommy Tremble,panthers,TE,82.0,"7'6""",250,,,Notre Dame,,,,,,,,,,,,,,nfl.com,2025-07-18 17:10:00.093574
Shy Tuttle,panthers,DT,99.0,"7'5""",300,,,Tennessee,,,,,,,,,,,,,,nfl.com,2025-07-18 17:10:00.093820
Tershawn Wharton,panthers,DE,92.0,"7'3""",280,,,Missouri-Rolla,,,,,,,,,,,,,,nfl.com,2025-07-18 17:10:00.095137
Princely Umanmielen,panthers,LB,33.0,"7'6""",244,,,Mississippi,,,,,,,,,,,,,,nfl.com,2025-07-18 17:10:00.094030
Trevin Wallace,panthers,LB,32.0,"7'3""",244,,,Kentucky,,,,,,,,,,,,,,nfl.com,2025-07-18 17:10:00.094763
Brandon Walton,panthers,OT,73.0,"7'7""",300,,,Florida Atlantic,,,,,,,,,,,,,,nfl.com,2025-07-18 17:10:00.094978
Jacoby Windmon,panthers,LB,41.0,"7'4""",250,,,Michigan State,,,,,,,,,,,,,,nfl.com,2025-07-18 17:10:00.095305
Matthew Wright,panthers,K,37.0,"7'1""",174,,,UCF,,,,,,,,,,,,,,nfl.com,2025-07-18 17:10:00.097041
Bryce Young,panthers,QB,9.0,"7'0""",204,,,Alabama,,,,,,,,,,,,,,nfl.com,2025-07-18 17:10:00.097239
Chandler Zavala,panthers,G,62.0,"7'5""",322,,,N.C. State,,,,,,,,,,,,,,nfl.com,2025-07-18 17:10:00.097394
Chandler Wooten,panthers,LB,,"7'5""",230,,,Auburn,,,,,,,,,,,,,,nfl.com,2025-07-18 17:10:00.096397
D.J. Wonnum,panthers,LB,98.0,"7'7""",258,,,South Carolina,,,,,,,,,,,,,,nfl.com,2025-07-18 17:10:00.096204
Maurice Alexander,bears,WR,13.0,"7'1""",180,,,Florida International,,,,,,,,,,,,,,nfl.com,2025-07-18 17:10:09.768652
Tyson Bagent,bears,QB,17.0,"7'5""",213,,,Shepherd,,,,,,,,,,,,,,nfl.com,2025-07-18 17:10:09.769204
Kiran Amegadjie,bears,OT,72.0,"7'7""",326,,,Yale,,,,,,,,,,,,,,nfl.com,2025-07-18 17:10:09.768976
Theo Benedet,bears,OL,79.0,"7'9""",305,,,University of British Columbia,,,,,,,,,,,,,,nfl.com,2025-07-18 17:10:09.770165
Andrew Billings,bears,DT,97.0,"7'3""",311,,,Baylor,,,,,,,,,,,,,,nfl.com,2025-07-18 17:10:09.770325
Josh Blackwell,bears,CB,39.0,"7'1""",180,,,Duke,,,,,,,,,,,,,,nfl.com,2025-07-18 17:10:09.771552
Ryan Bates,bears,OT,71.0,"7'6""",302,,,Penn State,,,,,,,,,,,,,,nfl.com,2025-07-18 17:10:09.769549
Austin Booker,bears,DE,94.0,"7'8""",245,,,Kansas,,,,,,,,,,,,,,nfl.com,2025-07-18 17:10:09.772389
Miles Boykin,bears,WR,84.0,"7'6""",220,,,Notre Dame,,,,,,,,,,,,,,nfl.com,2025-07-18 17:10:09.772743
Kevin Byard,bears,FS,31.0,"7'1""",212,,,Middle Tennessee State,,,,,,,,,,,,,,nfl.com,2025-07-18 17:10:09.774570
Jaquan Brisker,bears,SAF,9.0,"7'3""",200,,,Penn State,,,,,,,,,,,,,,nfl.com,2025-07-18 17:10:09.773783
Luther Burden III,bears,WR,87.0,"7'2""",206,,,Missouri,,,,,,,,,,,,,,nfl.com,2025-07-18 17:10:09.774088
Major Burns,bears,SAF,35.0,"7'4""",207,,,LSU,,,,,,,,,,,,,,nfl.com,2025-07-18 17:10:09.774275
Stephen Carlson,bears,TE,88.0,"7'6""",240,,,Princeton,,,,,,,,,,,,,,nfl.com,2025-07-18 17:10:09.775032
Xavier Carlton,bears,DE,93.0,"7'8""",273,,,California,,,,,,,,,,,,,,nfl.com,2025-07-18 17:10:09.775365
Alex Cook,bears,SAF,37.0,"7'3""",196,,,Washington,,,,,,,,,,,,,,nfl.com,2025-07-18 17:10:09.775645
Drew Dalman,bears,C,52.0,"7'5""",300,,,Stanford,,,,,,,,,,,,,,nfl.com,2025-07-18 17:10:09.775839
Swayze Bozeman,bears,LB,27.0,"7'3""",224,,,Southern Mississippi,,,,,,,,,,,,,,nfl.com,2025-07-18 17:10:09.773543
Scott Daly,bears,LS,46.0,"7'3""",245,,,Notre Dame,,,,,,,,,,,,,,nfl.com,2025-07-18 17:10:09.776651
Gervon Dexter Sr.,bears,DT,99.0,"7'8""",312,,,Florida,,,,,,,,,,,,,,nfl.com,2025-07-18 17:10:09.776830
Devin Duvernay,bears,WR,12.0,"7'1""",200,,,Texas,,,,,,,,,,,,,,nfl.com,2025-07-18 17:10:09.777334
Tremaine Edmunds,bears,MLB,49.0,"7'7""",250,,,Virginia Tech,,,,,,,,,,,,,,nfl.com,2025-07-18 17:10:09.777851
Luke Elkin,bears,LS,43.0,"7'2""",233,,,Iowa,,,,,,,,,,,,,,nfl.com,2025-07-18 17:10:09.778638
Jonathan Ford,bears,DT,64.0,"7'7""",338,,,Miami,,,,,,,,,,,,,,nfl.com,2025-07-18 17:10:09.778903
Power Echols,bears,LB,57.0,"7'1""",237,,,North Carolina,,,,,,,,,,,,,,nfl.com,2025-07-18 17:10:09.777464
Deion Hankins,bears,RB,35.0,"7'1""",222,,,Texas State-San Marcos,,,,,,,,,,,,,,nfl.com,2025-07-18 17:10:09.781076
T.J. Edwards,bears,LB,53.0,"7'3""",242,,,Wisconsin,,,,,,,,,,,,,,nfl.com,2025-07-18 17:10:09.778328
Chris Glaser,bears,G,63.0,"7'6""",300,,,Virginia,,,,,,,,,,,,,,nfl.com,2025-07-18 17:10:09.780306
Kyler Gordon,bears,CB,6.0,"7'2""",200,,,Washington,,,,,,,,,,,,,,nfl.com,2025-07-18 17:10:09.780645
Zah Frazier,bears,CB,20.0,"7'5""",185,,,Texas-San Antonio,,,,,,,,,,,,,,nfl.com,2025-07-18 17:10:09.779474
Daniel Hardy,bears,DE,92.0,"7'5""",240,,,Montana State,,,,,,,,,,,,,,nfl.com,2025-07-18 17:10:09.781247
Elijah Hicks,bears,SAF,22.0,"7'1""",200,,,California,,,,,,,,,,,,,,nfl.com,2025-07-18 17:10:09.781445
Travis Homer,bears,RB,21.0,"7'0""",202,,,Miami,,,,,,,,,,,,,,nfl.com,2025-07-18 17:10:09.781605
Jaylon Johnson,bears,CB,1.0,"7'2""",195,,,Utah,,,,,,,,,,,,,,nfl.com,2025-07-18 17:10:09.782845
Roschon Johnson,bears,RB,23.0,"7'2""",225,,,Texas,,,,,,,,,,,,,,nfl.com,2025-07-18 17:10:09.783207
Tysheem Johnson,bears,SAF,33.0,"7'0""",195,,,Oregon,,,,,,,,,,,,,,nfl.com,2025-07-18 17:10:09.783538
Grady Jarrett,bears,DT,50.0,"7'2""",305,,,Clemson,,,,,,,,,,,,,,nfl.com,2025-07-18 17:10:09.782521
Ruben Hyppolite II,bears,LB,47.0,"7'1""",236,,,Maryland,,,,,,,,,,,,,,nfl.com,2025-07-18 17:10:09.781828
Case Keenum,bears,QB,11.0,"7'3""",206,,,Houston,,,,,,,,,,,,,,nfl.com,2025-07-18 17:10:09.784667
Jonathan Kim,bears,K,27.0,"7'2""",227,,,Michigan State,,,,,,,,,,,,,,nfl.com,2025-07-18 17:10:09.785321
Braxton Jones,bears,OT,70.0,"7'7""",310,,,Southern Utah State,,,,,,,,,,,,,,nfl.com,2025-07-18 17:10:09.783769
Carl Jones,bears,LB,43.0,"7'4""",230,,,UCLA,,,,,,,,,,,,,,nfl.com,2025-07-18 17:10:09.784153
Cole Kmet,bears,TE,85.0,"7'8""",260,,,Notre Dame,,,,,,,,,,,,,,nfl.com,2025-07-18 17:10:09.785653
John Jackson,bears,WR,82.0,"7'3""",215,,,Nevada,,,,,,,,,,,,,,nfl.com,2025-07-18 17:10:09.782110
Doug Kramer,bears,C,68.0,"7'4""",300,,,Illinois,,,,,,,,,,,,,,nfl.com,2025-07-18 17:10:09.786006
Jonah Jackson,bears,G,73.0,"7'6""",312,,,Ohio State,,,,,,,,,,,,,,nfl.com,2025-07-18 17:10:09.782338
Colston Loveland,bears,TE,84.0,"7'8""",248,,,Michigan,,,,,,,,,,,,,,nfl.com,2025-07-18 17:10:09.786752
Kyle Monangai,bears,RB,25.0,"6'9""",210,,,Rutgers,,,,,,,,,,,,,,nfl.com,2025-07-18 17:10:09.788714
Jordan McFadden,bears,G,74.0,"7'4""",303,,,Clemson,,,,,,,,,,,,,,nfl.com,2025-07-18 17:10:09.787657
Jamree Kromah,bears,DL,59.0,"7'6""",275,,,James Madison,,,,,,,,,,,,,,nfl.com,2025-07-18 17:10:09.786485
Nick McCloud,bears,CB,24.0,"7'3""",190,,,Notre Dame,,,,,,,,,,,,,,nfl.com,2025-07-18 17:10:09.787155
DJ Moore,bears,WR,2.0,"7'2""",210,,,Maryland,,,,,,,,,,,,,,nfl.com,2025-07-18 17:10:09.789061
Luke Newman,bears,G,65.0,"7'6""",308,,,Michigan State,,,,,,,,,,,,,,nfl.com,2025-07-18 17:10:09.790311
Bill Murray,bears,OL,60.0,"7'6""",307,,,William & Mary,,,,,,,,,,,,,,nfl.com,2025-07-18 17:10:09.789603
Joshua Miles,bears,OT,78.0,"7'7""",325,,,Morgan State,,,,,,,,,,,,,,nfl.com,2025-07-18 17:10:09.788376
Amen Ogbongbemiga,bears,LB,45.0,"7'2""",231,,,Oklahoma State,,,,,,,,,,,,,,nfl.com,2025-07-18 17:10:09.791252
Tarvarius Moore,bears,DB,30.0,"7'3""",200,,,Southern Mississippi,,,,,,,,,,,,,,nfl.com,2025-07-18 17:10:09.789346
Rome Odunze,bears,WR,15.0,"7'5""",215,,,Washington,,,,,,,,,,,,,,nfl.com,2025-07-18 17:10:09.790827
Zacch Pickens,bears,DT,96.0,"7'6""",300,,,South Carolina,,,,,,,,,,,,,,nfl.com,2025-07-18 17:10:09.792096
Jonathan Owens,bears,DB,36.0,"7'1""",210,,,Missouri Western,,,,,,,,,,,,,,nfl.com,2025-07-18 17:10:09.791784
Dayo Odeyingbo,bears,DE,55.0,"7'8""",276,,,Vanderbilt,,,,,,,,,,,,,,nfl.com,2025-07-18 17:10:09.790525
Jordan Murray,bears,TE,87.0,"7'7""",240,,,Hawaii,,,,,,,,,,,,,,nfl.com,2025-07-18 17:10:09.790060
Austin Reed,bears,QB,16.0,"7'3""",220,,,Western Kentucky,,,,,,,,,,,,,,nfl.com,2025-07-18 17:10:09.792851
JP Richardson,bears,WR,26.0,"7'1""",192,,,TCU,,,,,,,,,,,,,,nfl.com,2025-07-18 17:10:09.793337
Dominique Robinson,bears,DE,90.0,"7'7""",253,,,Miami (Ohio),,,,,,,,,,,,,,nfl.com,2025-07-18 17:10:09.793600
Jereme Robinson,bears,DT,69.0,"7'4""",264,,,Kansas,,,,,,,,,,,,,,nfl.com,2025-07-18 17:10:09.793873
Cairo Santos,bears,K,8.0,"6'8""",175,,,Tulane,,,,,,,,,,,,,,nfl.com,2025-07-18 17:10:09.794259
Tyler Scott,bears,WR,10.0,"7'1""",185,,,Cincinnati,,,,,,,,,,,,,,nfl.com,2025-07-18 17:10:09.794682
Terell Smith,bears,CB,32.0,"7'2""",207,,,Minnesota,,,,,,,,,,,,,,nfl.com,2025-07-18 17:10:09.795103
Durham Smythe,bears,TE,81.0,"7'6""",248,,,Notre Dame,,,,,,,,,,,,,,nfl.com,2025-07-18 17:10:09.795227
Ameer Speed,bears,DB,38.0,"7'5""",215,,,Michigan State,,,,,,,,,,,,,,nfl.com,2025-07-18 17:10:09.795628
Tyrique Stevenson,bears,CB,29.0,"7'2""",204,,,Miami,,,,,,,,,,,,,,nfl.com,2025-07-18 17:10:09.796267
Noah Sewell,bears,LB,44.0,"7'4""",253,,,Oregon,,,,,,,,,,,,,,nfl.com,2025-07-18 17:10:09.794907
Ricky Stromberg,bears,OL,67.0,"7'6""",313,,,Arkansas,,,,,,,,,,,,,,nfl.com,2025-07-18 17:10:09.796634
Samori Toure,bears,WR,83.0,"7'3""",191,,,Nebraska,,,,,,,,,,,,,,nfl.com,2025-07-18 17:10:09.798375
DAndre Swift,bears,RB,4.0,"6'9""",215,,,Georgia,,,,,,,,,,,,,,nfl.com,2025-07-18 17:10:09.797322
Tory Taylor,bears,P,19.0,"7'6""",223,,,Iowa,,,,,,,,,,,,,,nfl.com,2025-07-18 17:10:09.797686
Joe Thuney,bears,G,62.0,"7'7""",304,,,N.C. State,,,,,,,,,,,,,,nfl.com,2025-07-18 17:10:09.798094
Jahdae Walker,bears,WR,20.0,"7'5""",199,,,Texas A&M,,,,,,,,,,,,,,nfl.com,2025-07-18 17:10:09.799741
Shemar Turner,bears,DT,95.0,"7'5""",290,,,Texas A&M,,,,,,,,,,,,,,nfl.com,2025-07-18 17:10:09.799195
Shaun Wade,bears,CB,26.0,"7'3""",191,,,Ohio State,,,,,,,,,,,,,,nfl.com,2025-07-18 17:10:09.799472
Montez Sweat,bears,DE,98.0,"7'8""",262,,,Mississippi State,,,,,,,,,,,,,,nfl.com,2025-07-18 17:10:09.797004
Jeremiah Walker,bears,CB,23.0,"7'2""",195,,,Stephen F. Austin State,,,,,,,,,,,,,,nfl.com,2025-07-18 17:10:09.799964
Joel Wilson,bears,TE,86.0,"7'6""",250,,,Central Michigan,,,,,,,,,,,,,,nfl.com,2025-07-18 17:10:09.800746
Ian Wheeler,bears,RB,33.0,"7'1""",205,,,Howard,,,,,,,,,,,,,,nfl.com,2025-07-18 17:10:09.800288
Caleb Williams,bears,QB,18.0,"7'3""",215,,,USC,,,,,,,,,,,,,,nfl.com,2025-07-18 17:10:09.800429
Ozzy Trapilo,bears,OT,75.0,"8'0""",316,,,Boston College,,,,,,,,,,,,,,nfl.com,2025-07-18 17:10:09.798755
Nahshon Wright,bears,CB,25.0,"7'6""",190,,,Oregon State,,,,,,,,,,,,,,nfl.com,2025-07-18 17:10:09.801158
Olamide Zaccheaus,bears,WR,14.0,"6'8""",193,,,Virginia,,,,,,,,,,,,,,nfl.com,2025-07-18 17:10:09.801385
Chris Williams,bears,DL,91.0,"7'5""",302,,,Wagner,,,,,,,,,,,,,,nfl.com,2025-07-18 17:10:09.800594
Darnell Wright,bears,OT,58.0,"7'8""",333,,,Tennessee,,,,,,,,,,,,,,nfl.com,2025-07-18 17:10:09.800981
Cal Adomitis,bengals,LS,48.0,"7'4""",238,,,Pittsburgh,,,,,,,,,,,,,,nfl.com,2025-07-18 17:10:19.585325
Erick All,bengals,TE,83.0,"7'7""",255,,,Iowa,,,,,,,,,,,,,,nfl.com,2025-07-18 17:10:19.585842
Tycen Anderson,bengals,SAF,26.0,"7'4""",205,,,Toledo,,,,,,,,,,,,,,nfl.com,2025-07-18 17:10:19.586590
Daijahn Anthony,bengals,SAF,33.0,"7'2""",200,,,Mississippi,,,,,,,,,,,,,,nfl.com,2025-07-18 17:10:19.588135
Dante Barnett,bengals,DT,69.0,"7'3""",275,,,Dickinson College,,,,,,,,,,,,,,nfl.com,2025-07-18 17:10:19.588263
Jordan Battle,bengals,SAF,27.0,"7'3""",215,,,Alabama,,,,,,,,,,,,,,nfl.com,2025-07-18 17:10:19.588564
Gary Brightwell,bengals,RB,32.0,"7'3""",218,,,Arizona,,,,,,,,,,,,,,nfl.com,2025-07-18 17:10:19.588743
Nate Brooks,bengals,CB,41.0,"7'2""",198,,,North Texas,,,,,,,,,,,,,,nfl.com,2025-07-18 17:10:19.590042
Tahj Brooks,bengals,RB,25.0,"7'0""",230,,,Texas Tech,,,,,,,,,,,,,,nfl.com,2025-07-18 17:10:19.590299
Chase Brown,bengals,RB,30.0,"7'0""",211,,,Illinois,,,,,,,,,,,,,,nfl.com,2025-07-18 17:10:19.590512
Jake Browning,bengals,QB,6.0,"7'4""",210,,,Washington,,,,,,,,,,,,,,nfl.com,2025-07-18 17:10:19.591158
Cole Burgess,bengals,WR,17.0,"7'3""",198,,,Cortland State Of New York,,,,,,,,,,,,,,nfl.com,2025-07-18 17:10:19.591429
Oren Burks,bengals,ILB,42.0,"7'5""",233,,,Vanderbilt,,,,,,,,,,,,,,nfl.com,2025-07-18 17:10:19.591594
Joe Burrow,bengals,QB,9.0,"7'6""",215,,,LSU,,,,,,,,,,,,,,nfl.com,2025-07-18 17:10:19.592062
Orlando Brown,bengals,OT,75.0,"8'0""",350,,,Oklahoma,,,,,,,,,,,,,,nfl.com,2025-07-18 17:10:19.590793
Jermaine Burton,bengals,WR,81.0,"7'2""",204,,,Alabama,,,,,,,,,,,,,,nfl.com,2025-07-18 17:10:19.592624
JaMarr Chase,bengals,WR,1.0,"7'2""",205,,,LSU,,,,,,,,,,,,,,nfl.com,2025-07-18 17:10:19.593565
Barrett Carter,bengals,LB,49.0,"7'3""",230,,,Clemson,,,,,,,,,,,,,,nfl.com,2025-07-18 17:10:19.593067
Quali Conley,bengals,RB,40.0,"7'0""",211,,,Arizona,,,,,,,,,,,,,,nfl.com,2025-07-18 17:10:19.594475
Howard Cross III,bengals,DT,95.0,"7'3""",285,,,Notre Dame,,,,,,,,,,,,,,nfl.com,2025-07-18 17:10:19.595051
Jalen Davis,bengals,CB,35.0,"7'0""",186,,,Utah State,,,,,,,,,,,,,,nfl.com,2025-07-18 17:10:19.595394
Devin Cochran,bengals,OT,76.0,"7'9""",330,,,Georgia Tech,,,,,,,,,,,,,,nfl.com,2025-07-18 17:10:19.593762
Andrew Coker,bengals,OT,79.0,"7'9""",315,,,TCU,,,,,,,,,,,,,,nfl.com,2025-07-18 17:10:19.594217
Cody Ford,bengals,G,61.0,"7'5""",345,,,Oklahoma,,,,,,,,,,,,,,nfl.com,2025-07-18 17:10:19.596558
Mike Gesicki,bengals,TE,88.0,"7'8""",245,,,Penn State,,,,,,,,,,,,,,nfl.com,2025-07-18 17:10:19.597193
Caleb Etienne,bengals,OT,77.0,"7'9""",329,,,BYU,,,,,,,,,,,,,,nfl.com,2025-07-18 17:10:19.595540
Dylan Fairchild,bengals,G,63.0,"7'7""",318,,,Georgia,,,,,,,,,,,,,,nfl.com,2025-07-18 17:10:19.596380
Cam Grandy,bengals,TE,85.0,"7'7""",253,,,Illinois State,,,,,,,,,,,,,,nfl.com,2025-07-18 17:10:19.598255
Joe Giles-Harris,bengals,LB,53.0,"7'4""",234,,,Duke,,,,,,,,,,,,,,nfl.com,2025-07-18 17:10:19.598109
Tee Higgins,bengals,WR,5.0,"7'6""",219,,,Clemson,,,,,,,,,,,,,,nfl.com,2025-07-18 17:10:19.600050
Eric Gregory,bengals,DT,94.0,"7'5""",319,,,Arkansas,,,,,,,,,,,,,,nfl.com,2025-07-18 17:10:19.598432
Trey Hendrickson,bengals,DE,91.0,"7'6""",265,,,Florida Atlantic,,,,,,,,,,,,,,nfl.com,2025-07-18 17:10:19.598858
B.J. Hill,bengals,DE,92.0,"7'5""",311,,,N.C. State,,,,,,,,,,,,,,nfl.com,2025-07-18 17:10:19.600800
Shaka Heyward,bengals,LB,50.0,"7'5""",238,,,Duke,,,,,,,,,,,,,,nfl.com,2025-07-18 17:10:19.599607
Daxton Hill,bengals,CB,23.0,"7'2""",195,,,Michigan,,,,,,,,,,,,,,nfl.com,2025-07-18 17:10:19.602361
Tanner Hudson,bengals,TE,87.0,"7'7""",241,,,Southern Arkansas,,,,,,,,,,,,,,nfl.com,2025-07-18 17:10:19.602543
Andrei Iosivas,bengals,WR,80.0,"7'5""",210,,,Princeton,,,,,,,,,,,,,,nfl.com,2025-07-18 17:10:19.602880
D.J. Ivey,bengals,CB,38.0,"7'3""",192,,,Miami,,,,,,,,,,,,,,nfl.com,2025-07-18 17:10:19.603625
McKinnley Jackson,bengals,DT,93.0,"7'4""",330,,,Texas A&M,,,,,,,,,,,,,,nfl.com,2025-07-18 17:10:19.603911
Kris Jenkins,bengals,DT,90.0,"7'5""",310,,,Michigan,,,,,,,,,,,,,,nfl.com,2025-07-18 17:10:19.604115
Cedric Johnson,bengals,DE,52.0,"7'5""",264,,,Mississippi,,,,,,,,,,,,,,nfl.com,2025-07-18 17:10:19.604496
Raymond Johnson III,bengals,DE,56.0,"7'5""",270,,,Georgia Southern,,,,,,,,,,,,,,nfl.com,2025-07-18 17:10:19.604771
Charlie Jones,bengals,WR,15.0,"7'2""",190,,,Purdue,,,,,,,,,,,,,,nfl.com,2025-07-18 17:10:19.605512
Jaylen Key,bengals,SAF,43.0,"7'4""",210,,,Alabama,,,,,,,,,,,,,,nfl.com,2025-07-18 17:10:19.606670
Ted Karras,bengals,C,64.0,"7'6""",310,,,Illinois,,,,,,,,,,,,,,nfl.com,2025-07-18 17:10:19.606163
PJ Jules,bengals,SAF,37.0,"7'2""",203,,,Southern Illinois,,,,,,,,,,,,,,nfl.com,2025-07-18 17:10:19.605697
Jaxson Kirkland,bengals,G,60.0,"7'9""",325,,,Washington,,,,,,,,,,,,,,nfl.com,2025-07-18 17:10:19.606934
Matt Lee,bengals,C,65.0,"7'6""",310,,,Miami,,,,,,,,,,,,,,nfl.com,2025-07-18 17:10:19.607589
Shaquan Loyal,bengals,SAF,47.0,"7'2""",202,,,Rutgers,,,,,,,,,,,,,,nfl.com,2025-07-18 17:10:19.608043
Bralyn Lux,bengals,CB,21.0,"7'0""",180,,,Texas Tech,,,,,,,,,,,,,,nfl.com,2025-07-18 17:10:19.608607
Tashawn Manning,bengals,G,66.0,"7'6""",340,,,Kentucky,,,,,,,,,,,,,,nfl.com,2025-07-18 17:10:19.608902
Demetrius Knight Jr.,bengals,LB,,"7'4""",245,,,South Carolina,,,,,,,,,,,,,,nfl.com,2025-07-18 17:10:19.607193
Jamoi Mayes,bengals,WR,16.0,"7'0""",206,,,Cincinnati,,,,,,,,,,,,,,nfl.com,2025-07-18 17:10:19.609445
Tanner McLachlan,bengals,TE,84.0,"7'7""",245,,,Arizona,,,,,,,,,,,,,,nfl.com,2025-07-18 17:10:19.609725
Seth McLaughlin,bengals,C,68.0,"7'6""",305,,,Ohio State,,,,,,,,,,,,,,nfl.com,2025-07-18 17:10:19.609991
Evan McPherson,bengals,K,2.0,"7'1""",185,,,Florida,,,,,,,,,,,,,,nfl.com,2025-07-18 17:10:19.610510
Kendall Milton,bengals,RB,36.0,"7'3""",230,,,Georgia,,,,,,,,,,,,,,nfl.com,2025-07-18 17:10:19.610789
Jordan Moore,bengals,WR,14.0,"7'2""",191,,,Duke,,,,,,,,,,,,,,nfl.com,2025-07-18 17:10:19.611411
Zack Moss,bengals,RB,31.0,"7'0""",220,,,Utah,,,,,,,,,,,,,,nfl.com,2025-07-18 17:10:19.611787
Myles Murphy,bengals,DE,99.0,"7'7""",275,,,Clemson,,,,,,,,,,,,,,nfl.com,2025-07-18 17:10:19.612163
Josh Newton,bengals,CB,28.0,"7'1""",190,,,TCU,,,,,,,,,,,,,,nfl.com,2025-07-18 17:10:19.612425
Amarius Mims,bengals,OT,71.0,"8'0""",350,,,Georgia,,,,,,,,,,,,,,nfl.com,2025-07-18 17:10:19.611143
Joseph Ossai,bengals,DE,58.0,"7'6""",263,,,Texas,,,,,,,,,,,,,,nfl.com,2025-07-18 17:10:19.613285
Rashod Owens,bengals,WR,12.0,"7'4""",218,,,Oklahoma State,,,,,,,,,,,,,,nfl.com,2025-07-18 17:10:19.613523
Lucas Patrick,bengals,G,62.0,"7'5""",313,,,Duke,,,,,,,,,,,,,,nfl.com,2025-07-18 17:10:19.613759
Samaje Perine,bengals,RB,34.0,"7'0""",240,,,Oklahoma,,,,,,,,,,,,,,nfl.com,2025-07-18 17:10:19.614439
Maema Njongmeta,bengals,LB,45.0,"7'2""",232,,,Wisconsin,,,,,,,,,,,,,,nfl.com,2025-07-18 17:10:19.612907
Kendric Pryor,bengals,WR,19.0,"7'1""",189,,,Wisconsin,,,,,,,,,,,,,,nfl.com,2025-07-18 17:10:19.614868
Ryan Rehkow,bengals,P,8.0,"7'7""",235,,,BYU,,,,,,,,,,,,,,nfl.com,2025-07-18 17:10:19.615256
Lance Robinson,bengals,CB,39.0,"7'0""",185,,,Tulane,,,,,,,,,,,,,,nfl.com,2025-07-18 17:10:19.616522
Cameron Sample,bengals,DE,96.0,"7'5""",272,,,Tulane,,,,,,,,,,,,,,nfl.com,2025-07-18 17:10:19.616824
Drew Sample,bengals,TE,89.0,"7'7""",260,,,Washington,,,,,,,,,,,,,,nfl.com,2025-07-18 17:10:19.617095
Tedarrell Slaton,bengals,DT,98.0,"7'7""",340,,,Florida,,,,,,,,,,,,,,nfl.com,2025-07-18 17:10:19.617364
Jalen Rivers,bengals,OT,74.0,"7'7""",319,,,Miami,,,,,,,,,,,,,,nfl.com,2025-07-18 17:10:19.615545
Shemar Stewart,bengals,DE,,"7'7""",290,,,Texas A&M,,,,,,,,,,,,,,nfl.com,2025-07-18 17:10:19.617966
Geno Stone,bengals,SAF,22.0,"7'1""",209,,,Iowa,,,,,,,,,,,,,,nfl.com,2025-07-18 17:10:19.618203
Kole Taylor,bengals,TE,86.0,"7'9""",250,,,West Virginia,,,,,,,,,,,,,,nfl.com,2025-07-18 17:10:19.618653
Cam Taylor-Britt,bengals,CB,29.0,"7'1""",200,,,Nebraska,,,,,,,,,,,,,,nfl.com,2025-07-18 17:10:19.618861
Isaiah Thomas,bengals,DE,51.0,"7'7""",272,,,Oklahoma,,,,,,,,,,,,,,nfl.com,2025-07-18 17:10:19.619120
Payton Thorne,bengals,QB,10.0,"7'4""",207,,,Auburn,,,,,,,,,,,,,,nfl.com,2025-07-18 17:10:19.619399
Andrew Stueber,bengals,OT,73.0,"7'9""",338,,,Michigan,,,,,,,,,,,,,,nfl.com,2025-07-18 17:10:19.618486
Isaiah Williams,bengals,WR,18.0,"7'0""",185,,,Illinois,,,,,,,,,,,,,,nfl.com,2025-07-18 17:10:19.620789
DJ Turner II,bengals,CB,20.0,"7'1""",185,,,Michigan,,,,,,,,,,,,,,nfl.com,2025-07-18 17:10:19.620056
Cordell Volson,bengals,G,67.0,"7'8""",315,,,North Dakota State,,,,,,,,,,,,,,nfl.com,2025-07-18 17:10:19.620342
William Wagner,bengals,LS,46.0,"7'4""",240,,,Michigan,,,,,,,,,,,,,,nfl.com,2025-07-18 17:10:19.620566
Craig Young,bengals,LB,59.0,"7'5""",225,,,Kansas,,,,,,,,,,,,,,nfl.com,2025-07-18 17:10:19.621694
Marco Wilson,bengals,CB,24.0,"7'1""",191,,,Florida,,,,,,,,,,,,,,nfl.com,2025-07-18 17:10:19.621268
Logan Woodside,bengals,QB,11.0,"7'3""",210,,,Toledo,,,,,,,,,,,,,,nfl.com,2025-07-18 17:10:19.621483
Mitchell Tinsley,bengals,WR,82.0,"7'3""",205,,,Penn State,,,,,,,,,,,,,,nfl.com,2025-07-18 17:10:19.619878
Logan Wilson,bengals,LB,55.0,"7'4""",245,,,Wyoming,,,,,,,,,,,,,,nfl.com,2025-07-18 17:10:19.621055
Jackson Barton,browns,OT,,"7'9""",302,,,Utah,,,,,,,,,,,,,,nfl.com,2025-07-18 17:10:27.444777
Chigozie Anusiem,browns,CB,35.0,"7'3""",200,,,Colorado State,,,,,,,,,,,,,,nfl.com,2025-07-18 17:10:27.444068
Jerome Baker,browns,OLB,17.0,"7'4""",232,,,Ohio State,,,,,,,,,,,,,,nfl.com,2025-07-18 17:10:27.444382
Brenden Bates,browns,TE,82.0,"7'7""",255,,,Kentucky,,,,,,,,,,,,,,nfl.com,2025-07-18 17:10:27.453344
David Bell,browns,WR,18.0,"7'3""",212,,,Purdue,,,,,,,,,,,,,,nfl.com,2025-07-18 17:10:27.453500
Joel Bitonio,browns,G,75.0,"7'6""",320,,,Nevada,,,,,,,,,,,,,,nfl.com,2025-07-18 17:10:27.453784
Corey Bojorquez,browns,P,13.0,"7'2""",217,,,New Mexico,,,,,,,,,,,,,,nfl.com,2025-07-18 17:10:27.453846
Jowon Briggs,browns,DT,97.0,"7'3""",313,,,Cincinnati,,,,,,,,,,,,,,nfl.com,2025-07-18 17:10:27.454823
Tony Brown,browns,CB,11.0,"7'2""",200,,,Alabama,,,,,,,,,,,,,,nfl.com,2025-07-18 17:10:27.455365
Sal Cannella,browns,TE,,"7'7""",228,,,Auburn,,,,,,,,,,,,,,nfl.com,2025-07-18 17:10:27.457155
DeAndre Carter,browns,WR,2.0,"6'8""",188,,,Sacramento State,,,,,,,,,,,,,,nfl.com,2025-07-18 17:10:27.457696
Javion Cohen,browns,G,67.0,"7'6""",322,,,Miami,,,,,,,,,,,,,,nfl.com,2025-07-18 17:10:27.458051
Devin Bush,browns,LB,30.0,"7'1""",234,,,Michigan,,,,,,,,,,,,,,nfl.com,2025-07-18 17:10:27.456032
Maliek Collins,browns,DT,96.0,"7'4""",310,,,Nebraska,,,,,,,,,,,,,,nfl.com,2025-07-18 17:10:27.458657
Kaden Davis,browns,WR,89.0,"7'3""",193,,,NW Missouri State University,,,,,,,,,,,,,,nfl.com,2025-07-18 17:10:27.460730
Grant Delpit,browns,SAF,9.0,"7'5""",208,,,LSU,,,,,,,,,,,,,,nfl.com,2025-07-18 17:10:27.461262
Chris Edmonds,browns,SAF,41.0,"7'4""",210,,,Arizona State,,,,,,,,,,,,,,nfl.com,2025-07-18 17:10:27.461679
Jack Conklin,browns,OT,78.0,"7'8""",308,,,Michigan State,,,,,,,,,,,,,,nfl.com,2025-07-18 17:10:27.460179
Martin Emerson,browns,CB,1.0,"7'4""",200,,,Mississippi State,,,,,,,,,,,,,,nfl.com,2025-07-18 17:10:27.462633
Harold Fannin Jr.,browns,TE,88.0,"7'5""",241,,,Bowling Green,,,,,,,,,,,,,,nfl.com,2025-07-18 17:10:27.462972
Mohamoud Diabate,browns,LB,43.0,"7'6""",225,,,Utah,,,,,,,,,,,,,,nfl.com,2025-07-18 17:10:27.461423
Jerome Ford,browns,RB,34.0,"7'0""",210,,,Cincinnati,,,,,,,,,,,,,,nfl.com,2025-07-18 17:10:27.463852
Luke Floriea,browns,WR,37.0,"6'8""",179,,,Kent State,,,,,,,,,,,,,,nfl.com,2025-07-18 17:10:27.463608
Joe Flacco,browns,QB,15.0,"7'8""",230,,,Delaware,,,,,,,,,,,,,,nfl.com,2025-07-18 17:10:27.463406
Dillon Gabriel,browns,QB,,"7'1""",202,,,Oregon,,,,,,,,,,,,,,nfl.com,2025-07-18 17:10:27.464310
Myles Garrett,browns,DE,95.0,"7'6""",272,,,Texas A&M,,,,,,,,,,,,,,nfl.com,2025-07-18 17:10:27.464666
Jaelen Gill,browns,WR,,"7'2""",185,,,Fresno State,,,,,,,,,,,,,,nfl.com,2025-07-18 17:10:27.464861
Mason Graham,browns,DT,94.0,"7'5""",320,,,Michigan,,,,,,,,,,,,,,nfl.com,2025-07-18 17:10:27.465246
Troy Hairston,browns,RB,36.0,"7'1""",245,,,Central Michigan,,,,,,,,,,,,,,nfl.com,2025-07-18 17:10:27.465420
Mike Hall Jr.,browns,DT,51.0,"7'5""",300,,,Ohio State,,,,,,,,,,,,,,nfl.com,2025-07-18 17:10:27.465723
Myles Harden,browns,CB,26.0,"7'1""",195,,,South Dakota,,,,,,,,,,,,,,nfl.com,2025-07-18 17:10:27.466023
Shelby Harris,browns,DT,93.0,"7'4""",288,,,Illinois State,,,,,,,,,,,,,,nfl.com,2025-07-18 17:10:27.466510
Adin Huntington,browns,DE,66.0,"7'3""",281,,,Tulane,,,,,,,,,,,,,,nfl.com,2025-07-18 17:10:27.467784
Jason Ivey,browns,OT,72.0,"7'7""",300,,,North Carolina A&T,,,,,,,,,,,,,,nfl.com,2025-07-18 17:10:27.468047
Dustin Hopkins,browns,K,7.0,"7'4""",210,,,Florida State,,,,,,,,,,,,,,nfl.com,2025-07-18 17:10:27.467535
Ronnie Hickman Jr.,browns,SAF,33.0,"7'3""",209,,,Ohio State,,,,,,,,,,,,,,nfl.com,2025-07-18 17:10:27.466667
Jordan Hicks,browns,MLB,58.0,"7'3""",236,,,Texas,,,,,,,,,,,,,,nfl.com,2025-07-18 17:10:27.466807
LaMareon James,browns,CB,27.0,"7'0""",192,,,TCU,,,,,,,,,,,,,,nfl.com,2025-07-18 17:10:27.468340
Ralph Holley,browns,DT,63.0,"7'2""",285,,,Western Michigan,,,,,,,,,,,,,,nfl.com,2025-07-18 17:10:27.467339
Rayshawn Jenkins,browns,SAF,28.0,"7'3""",220,,,Miami,,,,,,,,,,,,,,nfl.com,2025-07-18 17:10:27.468575
Teven Jenkins,browns,G,74.0,"7'8""",320,,,Oklahoma State,,,,,,,,,,,,,,nfl.com,2025-07-18 17:10:27.468763
Jerry Jeudy,browns,WR,3.0,"7'3""",195,,,Alabama,,,,,,,,,,,,,,nfl.com,2025-07-18 17:10:27.469172
Diontae Johnson,browns,WR,16.0,"7'0""",183,,,Toledo,,,,,,,,,,,,,,nfl.com,2025-07-18 17:10:27.469496
Kisean Johnson,browns,WR,83.0,"7'3""",216,,,Western Kentucky,,,,,,,,,,,,,,nfl.com,2025-07-18 17:10:27.469648
Dawand Jones,browns,OT,79.0,"8'0""",375,,,Ohio State,,,,,,,,,,,,,,nfl.com,2025-07-18 17:10:27.469876
Dom Jones,browns,CB,37.0,"7'4""",192,,,Colorado State,,,,,,,,,,,,,,nfl.com,2025-07-18 17:10:27.470200
Sam Kamara,browns,DE,92.0,"7'2""",272,,,Stony Brook,,,,,,,,,,,,,,nfl.com,2025-07-18 17:10:27.470668
Damontae Kazee,browns,S,23.0,"7'1""",174,,,San Diego State,,,,,,,,,,,,,,nfl.com,2025-07-18 17:10:27.470824
Quinshon Judkins,browns,RB,,"7'2""",219,,,Ohio State,,,,,,,,,,,,,,nfl.com,2025-07-18 17:10:27.470489
Anthony Kendall,browns,CB,44.0,"7'0""",177,,,Baldwin Wallace College,,,,,,,,,,,,,,nfl.com,2025-07-18 17:10:27.471137
Gage Larvadain,browns,WR,84.0,"6'8""",171,,,South Carolina,,,,,,,,,,,,,,nfl.com,2025-07-18 17:10:27.471426
Brady Latham,browns,G,64.0,"7'7""",312,,,Arkansas,,,,,,,,,,,,,,nfl.com,2025-07-18 17:10:27.471584
Ahmani Marshall,browns,RB,39.0,"7'3""",225,,,Appalachian State,,,,,,,,,,,,,,nfl.com,2025-07-18 17:10:27.472082
Brent Matiscik,browns,LS,48.0,"7'3""",230,,,TCU,,,,,,,,,,,,,,nfl.com,2025-07-18 17:10:27.472488
Cornelius Lucas,browns,OT,71.0,"8'1""",325,,,Kansas State,,,,,,,,,,,,,,nfl.com,2025-07-18 17:10:27.471909
Cade McDonald,browns,WR,31.0,"7'0""",196,,,Miami (Ohio),,,,,,,,,,,,,,nfl.com,2025-07-18 17:10:27.473163
Easton Mascarenas-Arnold,browns,LB,42.0,"7'1""",226,,,USC,,,,,,,,,,,,,,nfl.com,2025-07-18 17:10:27.472289
Isaiah McGuire,browns,DE,57.0,"7'6""",268,,,Missouri,,,,,,,,,,,,,,nfl.com,2025-07-18 17:10:27.473560
Roy Mbaeteka,browns,OT,61.0,"8'0""",330,,,,,,,,,,,,,,,,,nfl.com,2025-07-18 17:10:27.472746
Donovan McMillon,browns,SAF,31.0,"7'3""",208,,,Pittsburgh,,,,,,,,,,,,,,nfl.com,2025-07-18 17:10:27.473934
Julian Okwara,browns,DE,53.0,"7'6""",250,,,Notre Dame,,,,,,,,,,,,,,nfl.com,2025-07-18 17:10:27.475120
Nik Needham,browns,CB,25.0,"7'2""",193,,,Texas-El Paso,,,,,,,,,,,,,,nfl.com,2025-07-18 17:10:27.474407
Greg Newsome II,browns,CB,,"7'2""",192,,,Northwestern,,,,,,,,,,,,,,nfl.com,2025-07-18 17:10:27.474711
David Njoku,browns,TE,85.0,"7'6""",246,,,Miami,,,,,,,,,,,,,,nfl.com,2025-07-18 17:10:27.474858
Cameron Mitchell,browns,CB,29.0,"7'1""",191,,,Northwestern,,,,,,,,,,,,,,nfl.com,2025-07-18 17:10:27.474204
Justin Osborne,browns,C,,"7'7""",305,,,SMU,,,,,,,,,,,,,,nfl.com,2025-07-18 17:10:27.475364
Kenny Pickett,browns,QB,8.0,"7'5""",220,,,Pittsburgh,,,,,,,,,,,,,,nfl.com,2025-07-18 17:10:27.476280
Ethan Pocic,browns,C,55.0,"7'8""",320,,,LSU,,,,,,,,,,,,,,nfl.com,2025-07-18 17:10:27.476476
Jeremiah Owusu-Koramoah,browns,LB,6.0,"7'4""",221,,,Notre Dame,,,,,,,,,,,,,,nfl.com,2025-07-18 17:10:27.475872
Winston Reid,browns,LB,59.0,"7'2""",225,,,Weber State,,,,,,,,,,,,,,nfl.com,2025-07-18 17:10:27.476714
Dylan Sampson,browns,RB,22.0,"6'8""",201,,,Tennessee,,,,,,,,,,,,,,nfl.com,2025-07-18 17:10:27.477431
Julian Pearl,browns,OT,60.0,"7'8""",325,,,Illinois,,,,,,,,,,,,,,nfl.com,2025-07-18 17:10:27.476107
Shedeur Sanders,browns,QB,12.0,"7'3""",212,,,Colorado,,,,,,,,,,,,,,nfl.com,2025-07-18 17:10:27.477666
Pierre Strong,browns,RB,20.0,"7'1""",215,,,South Dakota State,,,,,,,,,,,,,,nfl.com,2025-07-18 17:10:27.478583
Rex Sunahara,browns,LS,50.0,"7'8""",242,,,West Virginia,,,,,,,,,,,,,,nfl.com,2025-07-18 17:10:27.478845
Carson Schwesinger,browns,LB,49.0,"7'4""",242,,,UCLA,,,,,,,,,,,,,,nfl.com,2025-07-18 17:10:27.478222
Andre Szmyt,browns,K,38.0,"7'2""",200,,,Syracuse,,,,,,,,,,,,,,nfl.com,2025-07-18 17:10:27.479433
Wyatt Teller,browns,G,77.0,"7'6""",315,,,Virginia Tech,,,,,,,,,,,,,,nfl.com,2025-07-18 17:10:27.479690
Cameron Thomas,browns,DE,99.0,"7'6""",265,,,San Diego State,,,,,,,,,,,,,,nfl.com,2025-07-18 17:10:27.479886
Lorenzo Thompson,browns,OL,69.0,"7'8""",305,,,Rhode Island,,,,,,,,,,,,,,nfl.com,2025-07-18 17:10:27.480193
Jamari Thrash,browns,WR,80.0,"7'2""",190,,,Louisville,,,,,,,,,,,,,,nfl.com,2025-07-18 17:10:27.480432
Cedric Tillman,browns,WR,19.0,"7'5""",215,,,Tennessee,,,,,,,,,,,,,,nfl.com,2025-07-18 17:10:27.480611
Dartanyan Tinsley,browns,G,65.0,"7'5""",340,,,Cincinnati,,,,,,,,,,,,,,nfl.com,2025-07-18 17:10:27.480858
Joe Tryon-Shoyinka,browns,DE,90.0,"7'7""",259,,,Washington,,,,,,,,,,,,,,nfl.com,2025-07-18 17:10:27.481181
Denzel Ward,browns,CB,21.0,"7'1""",190,,,Ohio State,,,,,,,,,,,,,,nfl.com,2025-07-18 17:10:27.481380
Deshaun Watson,browns,QB,4.0,"7'5""",223,,,Clemson,,,,,,,,,,,,,,nfl.com,2025-07-18 17:10:27.481554
Blake Whiteheart,browns,TE,86.0,"7'6""",250,,,Wake Forest,,,,,,,,,,,,,,nfl.com,2025-07-18 17:10:27.482100
Mike Woods,browns,WR,81.0,"7'3""",204,,,Oklahoma,,,,,,,,,,,,,,nfl.com,2025-07-18 17:10:27.482286
Alex Wright,browns,DE,91.0,"7'7""",267,,,UAB,,,,,,,,,,,,,,nfl.com,2025-07-18 17:10:27.482612
Luke Wypler,browns,C,56.0,"7'5""",303,,,Ohio State,,,,,,,,,,,,,,nfl.com,2025-07-18 17:10:27.482879
Zak Zinter,browns,G,70.0,"7'8""",310,,,Michigan,,,,,,,,,,,,,,nfl.com,2025-07-18 17:10:27.484008
Nathaniel Watson,browns,LB,40.0,"7'2""",233,,,Mississippi State,,,,,,,,,,,,,,nfl.com,2025-07-18 17:10:27.481837
Hakeem Adeniji,cowboys,G,30.0,"7'6""",315,,,Kansas,,,,,,,,,,,,,,nfl.com,2025-07-18 17:10:35.417674
Tommy Akingbesote,cowboys,DL,72.0,"7'5""",306,,,Maryland,,,,,,,,,,,,,,nfl.com,2025-07-18 17:10:35.418053
Bryan Anger,cowboys,P,5.0,"7'5""",202,,,California,,,,,,,,,,,,,,nfl.com,2025-07-18 17:10:35.418715
Brandon Aubrey,cowboys,K,17.0,"7'5""",218,,,Notre Dame,,,,,,,,,,,,,,nfl.com,2025-07-18 17:10:35.419080
Cooper Beebe,cowboys,G,56.0,"7'6""",335,,,Kansas State,,,,,,,,,,,,,,nfl.com,2025-07-18 17:10:35.420765
Justin Barron,cowboys,LB,55.0,"7'6""",225,,,Syracuse,,,,,,,,,,,,,,nfl.com,2025-07-18 17:10:35.419302
DaRon Bland,cowboys,CB,26.0,"7'2""",197,,,Fresno State,,,,,,,,,,,,,,nfl.com,2025-07-18 17:10:35.421810
TJ Bass,cowboys,OT,66.0,"7'6""",325,,,Oregon,,,,,,,,,,,,,,nfl.com,2025-07-18 17:10:35.419562
Jaydon Blue,cowboys,RB,34.0,"6'9""",196,,,Texas,,,,,,,,,,,,,,nfl.com,2025-07-18 17:10:35.425794
Tyler Booker,cowboys,G,52.0,"7'6""",321,,,Alabama,,,,,,,,,,,,,,nfl.com,2025-07-18 17:10:35.426135
Andrew Booth,cowboys,CB,25.0,"7'2""",194,,,Clemson,,,,,,,,,,,,,,nfl.com,2025-07-18 17:10:35.426430
Jalen Brooks,cowboys,WR,83.0,"7'4""",205,,,South Carolina,,,,,,,,,,,,,,nfl.com,2025-07-18 17:10:35.426841
Earnest Brown IV,cowboys,DE,51.0,"7'7""",270,,,Northwestern,,,,,,,,,,,,,,nfl.com,2025-07-18 17:10:35.427141
Josh Butler,cowboys,DB,31.0,"7'2""",182,,,Michigan State,,,,,,,,,,,,,,nfl.com,2025-07-18 17:10:35.427368
Parris Campbell,cowboys,WR,80.0,"7'2""",208,,,Ohio State,,,,,,,,,,,,,,nfl.com,2025-07-18 17:10:35.427612
Caelen Carson,cowboys,DB,21.0,"7'2""",195,,,Wake Forest,,,,,,,,,,,,,,nfl.com,2025-07-18 17:10:35.427891
Markquese Bell,cowboys,DB,14.0,"7'5""",205,,,Florida A&M,,,,,,,,,,,,,,nfl.com,2025-07-18 17:10:35.421200
Saahdiq Charles,cowboys,OT,77.0,"7'6""",321,,,LSU,,,,,,,,,,,,,,nfl.com,2025-07-18 17:10:35.428256
Alijah Clark,cowboys,DB,38.0,"7'3""",187,,,Syracuse,,,,,,,,,,,,,,nfl.com,2025-07-18 17:10:35.428858
Zion Childress,cowboys,DB,48.0,"7'2""",195,,,Kentucky,,,,,,,,,,,,,,nfl.com,2025-07-18 17:10:35.428583
Jalen Cropper,cowboys,WR,16.0,"7'2""",172,,,Fresno State,,,,,,,,,,,,,,nfl.com,2025-07-18 17:10:35.430096
Denzel Daxon,cowboys,DE,95.0,"7'4""",322,,,Illinois,,,,,,,,,,,,,,nfl.com,2025-07-18 17:10:35.430326
Damone Clark,cowboys,LB,18.0,"7'5""",240,,,LSU,,,,,,,,,,,,,,nfl.com,2025-07-18 17:10:35.429169
Trevon Diggs,cowboys,CB,7.0,"7'4""",195,,,Alabama,,,,,,,,,,,,,,nfl.com,2025-07-18 17:10:35.430821
Ajani Cornelius,cowboys,OT,69.0,"7'7""",310,,,Oregon,,,,,,,,,,,,,,nfl.com,2025-07-18 17:10:35.429718
Kaiir Elam,cowboys,CB,20.0,"7'3""",191,,,Florida,,,,,,,,,,,,,,nfl.com,2025-07-18 17:10:35.431337
Donovan Ezeiruaku,cowboys,DE,41.0,"7'4""",248,,,Boston College,,,,,,,,,,,,,,nfl.com,2025-07-18 17:10:35.431515
Rivaldo Fairweather,cowboys,TE,45.0,"7'6""",252,,,Auburn,,,,,,,,,,,,,,nfl.com,2025-07-18 17:10:35.431826
Princeton Fant,cowboys,TE,85.0,"7'4""",235,,,Tennessee,,,,,,,,,,,,,,nfl.com,2025-07-18 17:10:35.432142
Jake Ferguson,cowboys,TE,87.0,"7'7""",244,,,Wisconsin,,,,,,,,,,,,,,nfl.com,2025-07-18 17:10:35.432457
Ryan Flournoy,cowboys,WR,19.0,"7'3""",200,,,Southeast Missouri State,,,,,,,,,,,,,,nfl.com,2025-07-18 17:10:35.432657
Dante Fowler Jr.,cowboys,DE,3.0,"7'5""",261,,,Florida,,,,,,,,,,,,,,nfl.com,2025-07-18 17:10:35.432991
C.J. Goodwin,cowboys,DB,29.0,"7'5""",190,,,California (PA),,,,,,,,,,,,,,nfl.com,2025-07-18 17:10:35.433136
Will Grier,cowboys,QB,15.0,"7'3""",220,,,West Virginia,,,,,,,,,,,,,,nfl.com,2025-07-18 17:10:35.433343
Kemon Hall,cowboys,DB,43.0,"7'1""",190,,,North Texas,,,,,,,,,,,,,,nfl.com,2025-07-18 17:10:35.433742
Bruce Harmon,cowboys,DB,36.0,"7'2""",200,,,Stephen F. Austin State,,,,,,,,,,,,,,nfl.com,2025-07-18 17:10:35.434120
Kelvin Harmon,cowboys,WR,84.0,"7'4""",215,,,N.C. State,,,,,,,,,,,,,,nfl.com,2025-07-18 17:10:35.434380
Tyler Guyton,cowboys,OT,60.0,"7'9""",322,,,Oklahoma,,,,,,,,,,,,,,nfl.com,2025-07-18 17:10:35.433539
Brock Hoffman,cowboys,C,67.0,"7'6""",302,,,Virginia Tech,,,,,,,,,,,,,,nfl.com,2025-07-18 17:10:35.434977
Traeshon Holden,cowboys,WR,7.0,"7'5""",205,,,Oregon,,,,,,,,,,,,,,nfl.com,2025-07-18 17:10:35.435162
Malik Hooker,cowboys,FS,28.0,"7'4""",212,,,Ohio State,,,,,,,,,,,,,,nfl.com,2025-07-18 17:10:35.435450
Darius Harris,cowboys,LB,47.0,"7'4""",238,,,Middle Tennessee State,,,,,,,,,,,,,,nfl.com,2025-07-18 17:10:35.434672
Robert Jones,cowboys,G,65.0,"7'6""",321,,,Middle Tennessee State,,,,,,,,,,,,,,nfl.com,2025-07-18 17:10:35.436335
Josh Kelly,cowboys,WR,14.0,"7'3""",195,,,Texas Tech,,,,,,,,,,,,,,nfl.com,2025-07-18 17:10:35.436598
Marshawn Kneeland,cowboys,DE,94.0,"7'5""",268,,,Western Michigan,,,,,,,,,,,,,,nfl.com,2025-07-18 17:10:35.437177
Shemar James,cowboys,LB,50.0,"7'3""",222,,,Florida,,,,,,,,,,,,,,nfl.com,2025-07-18 17:10:35.435790
Buddy Johnson,cowboys,LB,23.0,"7'4""",240,,,Texas A&M,,,,,,,,,,,,,,nfl.com,2025-07-18 17:10:35.436087
CeeDee Lamb,cowboys,WR,88.0,"7'4""",200,,,Oklahoma,,,,,,,,,,,,,,nfl.com,2025-07-18 17:10:35.438003
Hunter Luepke,cowboys,RB,40.0,"7'3""",238,,,North Dakota State,,,,,,,,,,,,,,nfl.com,2025-07-18 17:10:35.438637
Phil Mafah,cowboys,RB,37.0,"7'2""",234,,,Clemson,,,,,,,,,,,,,,nfl.com,2025-07-18 17:10:35.438796
Joe Milton III,cowboys,QB,10.0,"7'7""",246,,,Tennessee,,,,,,,,,,,,,,nfl.com,2025-07-18 17:10:35.439079
Jonathan Mingo,cowboys,WR,81.0,"7'4""",220,,,Mississippi,,,,,,,,,,,,,,nfl.com,2025-07-18 17:10:35.439266
Marist Liufau,cowboys,LB,35.0,"7'4""",239,,,Notre Dame,,,,,,,,,,,,,,nfl.com,2025-07-18 17:10:35.438333
Israel Mukuamu,cowboys,SAF,24.0,"7'6""",205,,,South Carolina,,,,,,,,,,,,,,nfl.com,2025-07-18 17:10:35.439786
Tyler Neville,cowboys,TE,46.0,"7'6""",248,,,Virginia,,,,,,,,,,,,,,nfl.com,2025-07-18 17:10:35.440124
Osa Odighizuwa,cowboys,DT,97.0,"7'4""",280,,,UCLA,,,,,,,,,,,,,,nfl.com,2025-07-18 17:10:35.440316
Kenneth Murray Jr.,cowboys,LB,59.0,"7'4""",241,,,Oklahoma,,,,,,,,,,,,,,nfl.com,2025-07-18 17:10:35.439936
George Pickens,cowboys,WR,14.0,"7'5""",200,,,Georgia,,,,,,,,,,,,,,nfl.com,2025-07-18 17:10:35.441353
Dak Prescott,cowboys,QB,4.0,"7'4""",238,,,Mississippi State,,,,,,,,,,,,,,nfl.com,2025-07-18 17:10:35.441607
Asim Richards,cowboys,OT,76.0,"7'6""",307,,,North Carolina,,,,,,,,,,,,,,nfl.com,2025-07-18 17:10:35.443035
Troy Pride,cowboys,CB,32.0,"7'1""",195,,,Notre Dame,,,,,,,,,,,,,,nfl.com,2025-07-18 17:10:35.442377
Robert Rochell,cowboys,CB,,"7'2""",193,,,Central Arkansas,,,,,,,,,,,,,,nfl.com,2025-07-18 17:10:35.443383
Micah Parsons,cowboys,LB,11.0,"7'5""",245,,,Penn State,,,,,,,,,,,,,,nfl.com,2025-07-18 17:10:35.441024
DeMarvion Overshown,cowboys,LB,,"7'4""",220,,,Texas,,,,,,,,,,,,,,nfl.com,2025-07-18 17:10:35.440557
Miles Sanders,cowboys,RB,27.0,"7'1""",211,,,Penn State,,,,,,,,,,,,,,nfl.com,2025-07-18 17:10:35.444012
Jack Sanborn,cowboys,LB,57.0,"7'4""",234,,,Wisconsin,,,,,,,,,,,,,,nfl.com,2025-07-18 17:10:35.443692
Luke Schoonmaker,cowboys,TE,86.0,"7'7""",250,,,Michigan,,,,,,,,,,,,,,nfl.com,2025-07-18 17:10:35.444248
Trent Sieg,cowboys,LS,44.0,"7'5""",240,,,Colorado State,,,,,,,,,,,,,,nfl.com,2025-07-18 17:10:35.444896
Shavon Revel Jr.,cowboys,CB,27.0,"7'3""",194,,,East Carolina,,,,,,,,,,,,,,nfl.com,2025-07-18 17:10:35.442747
Mazi Smith,cowboys,DT,58.0,"7'5""",337,,,Michigan,,,,,,,,,,,,,,nfl.com,2025-07-18 17:10:35.445423
Dakoda Shepley,cowboys,OT,63.0,"7'7""",290,,,University of British Columbia,,,,,,,,,,,,,,nfl.com,2025-07-18 17:10:35.444476
Mike Smith Jr.,cowboys,DB,39.0,"7'3""",206,,,Eastern Kentucky,,,,,,,,,,,,,,nfl.com,2025-07-18 17:10:35.447315
Brevyn Spann-Ford,cowboys,TE,89.0,"7'9""",270,,,Minnesota,,,,,,,,,,,,,,nfl.com,2025-07-18 17:10:35.447513
Tyler Smith,cowboys,OT,73.0,"7'8""",332,,,Tulsa,,,,,,,,,,,,,,nfl.com,2025-07-18 17:10:35.446699
John Stephens Jr.,cowboys,TE,81.0,"7'7""",221,,,Louisiana-Lafayette,,,,,,,,,,,,,,nfl.com,2025-07-18 17:10:35.448578
Juanyeh Thomas,cowboys,SAF,2.0,"7'5""",217,,,Georgia Tech,,,,,,,,,,,,,,nfl.com,2025-07-18 17:10:35.448881
Terence Steele,cowboys,OT,78.0,"7'8""",310,,,Texas Tech,,,,,,,,,,,,,,nfl.com,2025-07-18 17:10:35.448211
Solomon Thomas,cowboys,DE,90.0,"7'4""",256,,,Stanford,,,,,,,,,,,,,,nfl.com,2025-07-18 17:10:35.449764
Jay Toia,cowboys,DT,93.0,"7'4""",342,,,UCLA,,,,,,,,,,,,,,nfl.com,2025-07-18 17:10:35.450041
Jalen Tolbert,cowboys,WR,1.0,"7'3""",195,,,South Alabama,,,,,,,,,,,,,,nfl.com,2025-07-18 17:10:35.450256
Nathan Thomas,cowboys,OT,62.0,"7'6""",331,,,Louisiana-Lafayette,,,,,,,,,,,,,,nfl.com,2025-07-18 17:10:35.449246
Payton Turner,cowboys,DE,98.0,"7'8""",270,,,Houston,,,,,,,,,,,,,,nfl.com,2025-07-18 17:10:35.450891
KaVontae Turpin,cowboys,WR,9.0,"6'9""",153,,,TCU,,,,,,,,,,,,,,nfl.com,2025-07-18 17:10:35.451203
Deuce Vaughn,cowboys,RB,42.0,"6'6""",176,,,Kansas State,,,,,,,,,,,,,,nfl.com,2025-07-18 17:10:35.451434
Luiji Vilain,cowboys,DE,53.0,"7'6""",252,,,Wake Forest,,,,,,,,,,,,,,nfl.com,2025-07-18 17:10:35.451660
Sam Williams,cowboys,DE,54.0,"7'6""",261,,,Mississippi,,,,,,,,,,,,,,nfl.com,2025-07-18 17:10:35.453612
Perrion Winfrey,cowboys,DT,,"7'6""",290,,,Oklahoma,,,,,,,,,,,,,,nfl.com,2025-07-18 17:10:35.453897
Javonte Williams,cowboys,RB,33.0,"7'0""",220,,,North Carolina,,,,,,,,,,,,,,nfl.com,2025-07-18 17:10:35.453225
Tyrus Wheat,cowboys,DE,91.0,"7'4""",260,,,Mississippi State,,,,,,,,,,,,,,nfl.com,2025-07-18 17:10:35.452391
Donovan Wilson,cowboys,SAF,6.0,"7'2""",204,,,Texas A&M,,,,,,,,,,,,,,nfl.com,2025-07-18 17:10:35.452787
Matt Waletzko,cowboys,OT,79.0,"8'0""",305,,,North Dakota,,,,,,,,,,,,,,nfl.com,2025-07-18 17:10:35.452054
Kris Abrams-Draine,broncos,CB,31.0,"7'1""",178,,,Missouri,,,,,,,,,,,,,,nfl.com,2025-07-18 17:10:44.949497
Nate Adkins,broncos,TE,45.0,"7'5""",252,,,South Carolina,,,,,,,,,,,,,,nfl.com,2025-07-18 17:10:44.949880
Zach Allen,broncos,DE,99.0,"7'7""",285,,,Boston College,,,,,,,,,,,,,,nfl.com,2025-07-18 17:10:44.950223
Tyler Badie,broncos,RB,28.0,"6'8""",197,,,Missouri,,,,,,,,,,,,,,nfl.com,2025-07-18 17:10:44.950306
Levelle Bailey,broncos,LB,56.0,"7'4""",225,,,Fresno State,,,,,,,,,,,,,,nfl.com,2025-07-18 17:10:44.950478
Jahdae Barron,broncos,CB,,"7'1""",200,,,Texas,,,,,,,,,,,,,,nfl.com,2025-07-18 17:10:44.950736
Garett Bolles,broncos,OT,72.0,"7'7""",300,,,Utah,,,,,,,,,,,,,,nfl.com,2025-07-18 17:10:44.951653
Pat Bryant,broncos,WR,13.0,"7'4""",204,,,Illinois,,,,,,,,,,,,,,nfl.com,2025-07-18 17:10:44.952835
Nik Bonitto,broncos,LB,15.0,"7'5""",240,,,Oklahoma,,,,,,,,,,,,,,nfl.com,2025-07-18 17:10:44.952059
Michael Burton,broncos,FB,20.0,"7'2""",247,,,Rutgers,,,,,,,,,,,,,,nfl.com,2025-07-18 17:10:44.953762
Michael Bandy,broncos,WR,83.0,"7'0""",190,,,San Diego,,,,,,,,,,,,,,nfl.com,2025-07-18 17:10:44.950548
J.B. Brown,broncos,LB,50.0,"7'4""",230,,,Kansas,,,,,,,,,,,,,,nfl.com,2025-07-18 17:10:44.952719
Jeremy Crawshaw,broncos,P,39.0,"7'5""",205,,,Florida,,,,,,,,,,,,,,nfl.com,2025-07-18 17:10:44.955382
Jonathon Cooper,broncos,LB,,"7'6""",257,,,Ohio State,,,,,,,,,,,,,,nfl.com,2025-07-18 17:10:44.954664
Joaquin Davis,broncos,WR,80.0,"7'6""",195,,,North Carolina Central,,,,,,,,,,,,,,nfl.com,2025-07-18 17:10:44.955815
Marques Cox,broncos,OT,70.0,"7'7""",312,,,Kentucky,,,,,,,,,,,,,,nfl.com,2025-07-18 17:10:44.955100
Sam Ehlinger,broncos,QB,4.0,"7'4""",222,,,Texas,,,,,,,,,,,,,,nfl.com,2025-07-18 17:10:44.956732
J.K. Dobbins,broncos,RB,,"7'0""",215,,,Ohio State,,,,,,,,,,,,,,nfl.com,2025-07-18 17:10:44.956494
Frank Crum,broncos,OT,73.0,"7'9""",315,,,Wyoming,,,,,,,,,,,,,,nfl.com,2025-07-18 17:10:44.955623
Evan Engram,broncos,TE,1.0,"7'5""",240,,,Mississippi,,,,,,,,,,,,,,nfl.com,2025-07-18 17:10:44.957664
Audric Estimé,broncos,RB,23.0,"7'1""",227,,,Notre Dame,,,,,,,,,,,,,,nfl.com,2025-07-18 17:10:44.957811
Jonah Elliss,broncos,LB,52.0,"7'4""",246,,,Utah,,,,,,,,,,,,,,nfl.com,2025-07-18 17:10:44.957156
Alex Forsyth,broncos,C,54.0,"7'6""",312,,,Oregon,,,,,,,,,,,,,,nfl.com,2025-07-18 17:10:44.958354
Mitchell Fraboni,broncos,LS,48.0,"7'4""",223,,,Arizona State,,,,,,,,,,,,,,nfl.com,2025-07-18 17:10:44.958635
Sam Franklin Jr.,broncos,SAF,42.0,"7'5""",210,,,Temple,,,,,,,,,,,,,,nfl.com,2025-07-18 17:10:44.958901
Andrew Farmer,broncos,LB,53.0,"7'6""",250,,,Lane College,,,,,,,,,,,,,,nfl.com,2025-07-18 17:10:44.958009
Troy Franklin,broncos,WR,16.0,"7'5""",180,,,Oregon,,,,,,,,,,,,,,nfl.com,2025-07-18 17:10:44.959502
John Franklin-Myers,broncos,DE,98.0,"7'6""",288,,,Stephen F. Austin State,,,,,,,,,,,,,,nfl.com,2025-07-18 17:10:44.959850
Nick Gargiulo,broncos,G,66.0,"7'7""",310,,,South Carolina,,,,,,,,,,,,,,nfl.com,2025-07-18 17:10:44.960242
Mario Goodrich,broncos,CB,,"7'2""",186,,,Clemson,,,,,,,,,,,,,,nfl.com,2025-07-18 17:10:44.960445
RJ Harvey,broncos,RB,,"6'9""",220,,,UCF,,,,,,,,,,,,,,nfl.com,2025-07-18 17:10:44.960817
Matt Henningsen,broncos,DE,91.0,"7'5""",291,,,Wisconsin,,,,,,,,,,,,,,nfl.com,2025-07-18 17:10:44.961146
Talanoa Hufanga,broncos,SAF,9.0,"7'2""",200,,,USC,,,,,,,,,,,,,,nfl.com,2025-07-18 17:10:44.961426
Courtney Jackson,broncos,WR,89.0,"7'1""",179,,,Arkansas State,,,,,,,,,,,,,,nfl.com,2025-07-18 17:10:44.962095
Jordan Jackson,broncos,DT,94.0,"7'6""",294,,,Air Force,,,,,,,,,,,,,,nfl.com,2025-07-18 17:10:44.962750
Dre Greenlaw,broncos,LB,57.0,"7'2""",230,,,Arkansas,,,,,,,,,,,,,,nfl.com,2025-07-18 17:10:44.960657
Brandon Jones,broncos,SAF,22.0,"7'3""",191,,,Texas,,,,,,,,,,,,,,nfl.com,2025-07-18 17:10:44.962890
D.J. Jones,broncos,DT,93.0,"7'2""",305,,,Mississippi,,,,,,,,,,,,,,nfl.com,2025-07-18 17:10:44.963127
Saivion Jones,broncos,DE,95.0,"7'7""",289,,,LSU,,,,,,,,,,,,,,nfl.com,2025-07-18 17:10:44.963441
Devon Key,broncos,SAF,26.0,"7'2""",208,,,Western Kentucky,,,,,,,,,,,,,,nfl.com,2025-07-18 17:10:44.963800
Lucas Krull,broncos,TE,85.0,"7'8""",260,,,Pittsburgh,,,,,,,,,,,,,,nfl.com,2025-07-18 17:10:44.964074
P.J. Locke,broncos,SAF,6.0,"7'0""",202,,,Texas,,,,,,,,,,,,,,nfl.com,2025-07-18 17:10:44.964362
Caleb Lohner,broncos,TE,84.0,"7'9""",250,,,Utah,,,,,,,,,,,,,,nfl.com,2025-07-18 17:10:44.964591
Damarri Mathis,broncos,CB,27.0,"7'1""",195,,,Pittsburgh,,,,,,,,,,,,,,nfl.com,2025-07-18 17:10:44.965497
Wil Lutz,broncos,K,3.0,"7'1""",184,,,Georgia State,,,,,,,,,,,,,,nfl.com,2025-07-18 17:10:44.964994
Jaleel McLaughlin,broncos,RB,38.0,"6'7""",187,,,Youngstown State,,,,,,,,,,,,,,nfl.com,2025-07-18 17:10:44.966422
JaQuan McMillian,broncos,CB,29.0,"7'0""",183,,,East Carolina,,,,,,,,,,,,,,nfl.com,2025-07-18 17:10:44.966582
Quinn Meinerz,broncos,C,77.0,"7'5""",320,,,Wisconsin-Whitewater,,,,,,,,,,,,,,nfl.com,2025-07-18 17:10:44.966774
Joseph Michalski,broncos,C,68.0,"7'7""",305,,,Oklahoma State,,,,,,,,,,,,,,nfl.com,2025-07-18 17:10:44.966982
Mike McGlinchey,broncos,OT,69.0,"8'0""",315,,,Notre Dame,,,,,,,,,,,,,,nfl.com,2025-07-18 17:10:44.966076
Jordan Miller,broncos,DT,90.0,"7'5""",307,,,SMU,,,,,,,,,,,,,,nfl.com,2025-07-18 17:10:44.967322
Marvin Mims Jr.,broncos,WR,19.0,"7'1""",182,,,Oklahoma,,,,,,,,,,,,,,nfl.com,2025-07-18 17:10:44.967567
Riley Moss,broncos,CB,21.0,"7'2""",193,,,Iowa,,,,,,,,,,,,,,nfl.com,2025-07-18 17:10:44.967792
Quinton Newsome,broncos,CB,36.0,"7'3""",185,,,Nebraska,,,,,,,,,,,,,,nfl.com,2025-07-18 17:10:44.968012
Jerjuan Newton,broncos,WR,81.0,"7'1""",192,,,Toledo,,,,,,,,,,,,,,nfl.com,2025-07-18 17:10:44.968242
Bo Nix,broncos,QB,10.0,"7'4""",217,,,Oregon,,,,,,,,,,,,,,nfl.com,2025-07-18 17:10:44.968509
A.T. Perry,broncos,WR,87.0,"7'7""",205,,,Wake Forest,,,,,,,,,,,,,,nfl.com,2025-07-18 17:10:44.969192
Joshua Pickett,broncos,CB,25.0,"7'2""",188,,,Duke,,,,,,,,,,,,,,nfl.com,2025-07-18 17:10:44.969451
Ben Powers,broncos,G,74.0,"7'6""",310,,,Oklahoma,,,,,,,,,,,,,,nfl.com,2025-07-18 17:10:44.969722
Alex Palczewski,broncos,OT,63.0,"7'8""",315,,,Illinois,,,,,,,,,,,,,,nfl.com,2025-07-18 17:10:44.968734
Matt Peart,broncos,OT,79.0,"7'9""",318,,,Connecticut,,,,,,,,,,,,,,nfl.com,2025-07-18 17:10:44.968958
Caden Prieskorn,broncos,TE,,"7'7""",255,,,Mississippi,,,,,,,,,,,,,,nfl.com,2025-07-18 17:10:44.970153
Malcolm Roach,broncos,DT,97.0,"7'5""",290,,,Texas,,,,,,,,,,,,,,nfl.com,2025-07-18 17:10:44.970654
Jaden Robinson,broncos,CB,,"7'2""",193,,,Oregon State,,,,,,,,,,,,,,nfl.com,2025-07-18 17:10:44.970874
Karene Reid,broncos,LB,47.0,"7'2""",227,,,Utah,,,,,,,,,,,,,,nfl.com,2025-07-18 17:10:44.970371
Trent Sherfield,broncos,WR,5.0,"7'3""",206,,,Vanderbilt,,,,,,,,,,,,,,nfl.com,2025-07-18 17:10:44.971823
Que Robinson,broncos,LB,51.0,"7'6""",243,,,Alabama,,,,,,,,,,,,,,nfl.com,2025-07-18 17:10:44.971090
Drew Sanders,broncos,LB,41.0,"7'7""",234,,,Arkansas,,,,,,,,,,,,,,nfl.com,2025-07-18 17:10:44.971341
JL Skinner,broncos,SAF,34.0,"7'6""",220,,,Boise State,,,,,,,,,,,,,,nfl.com,2025-07-18 17:10:44.973205
Will Sherman,broncos,OT,78.0,"7'6""",300,,,Colorado,,,,,,,,,,,,,,nfl.com,2025-07-18 17:10:44.972277
Keidron Smith,broncos,DB,43.0,"7'4""",210,,,Kentucky,,,,,,,,,,,,,,nfl.com,2025-07-18 17:10:44.973509
Jarrett Stidham,broncos,QB,8.0,"7'5""",215,,,Auburn,,,,,,,,,,,,,,nfl.com,2025-07-18 17:10:44.973709
Alex Singleton,broncos,LB,49.0,"7'4""",240,,,Montana State,,,,,,,,,,,,,,nfl.com,2025-07-18 17:10:44.972899
Pat Surtain II,broncos,CB,2.0,"7'4""",202,,,Alabama,,,,,,,,,,,,,,nfl.com,2025-07-18 17:10:44.974381
Courtland Sutton,broncos,WR,14.0,"7'6""",216,,,SMU,,,,,,,,,,,,,,nfl.com,2025-07-18 17:10:44.974555
Reese Taylor,broncos,CB,35.0,"6'9""",188,,,Purdue,,,,,,,,,,,,,,nfl.com,2025-07-18 17:10:44.974702
Calvin Throckmorton,broncos,G,76.0,"7'7""",311,,,Oregon,,,,,,,,,,,,,,nfl.com,2025-07-18 17:10:44.975047
Justin Strnad,broncos,LB,40.0,"7'5""",235,,,Wake Forest,,,,,,,,,,,,,,nfl.com,2025-07-18 17:10:44.974235
Xavier Truss,broncos,G,71.0,"7'9""",320,,,Georgia,,,,,,,,,,,,,,nfl.com,2025-07-18 17:10:44.976214
Adam Trautman,broncos,TE,82.0,"7'7""",253,,,Dayton,,,,,,,,,,,,,,nfl.com,2025-07-18 17:10:44.975763
Delarrin Turner-Yell,broncos,SAF,32.0,"7'1""",200,,,Oklahoma,,,,,,,,,,,,,,nfl.com,2025-07-18 17:10:44.976625
Dondrea Tillman,broncos,LB,92.0,"7'5""",270,,,"Indiana PA,  University of",,,,,,,,,,,,,,nfl.com,2025-07-18 17:10:44.975438
Jordan Turner,broncos,LB,,"7'3""",231,,,Michigan State,,,,,,,,,,,,,,nfl.com,2025-07-18 17:10:44.976489
Eyioma Uwazurike,broncos,DT,96.0,"7'8""",320,,,Iowa State,,,,,,,,,,,,,,nfl.com,2025-07-18 17:10:44.977131
Devaughn Vele,broncos,WR,17.0,"7'7""",210,,,Utah,,,,,,,,,,,,,,nfl.com,2025-07-18 17:10:44.977387
Blake Watson,broncos,RB,25.0,"6'9""",195,,,Memphis,,,,,,,,,,,,,,nfl.com,2025-07-18 17:10:44.977882
Luke Wattenberg,broncos,C,60.0,"7'7""",300,,,Washington,,,,,,,,,,,,,,nfl.com,2025-07-18 17:10:44.978131
Clay Webb,broncos,G,64.0,"7'5""",312,,,Jacksonville State,,,,,,,,,,,,,,nfl.com,2025-07-18 17:10:44.978362
Kyrese Rowan,broncos,WR,,"7'0""",185,,,Utah State,,,,,,,,,,,,,,nfl.com,2025-07-18 17:10:44.978604
Johnny Walker Jr.,broncos,LB,59.0,"7'5""",250,,,Missouri,,,,,,,,,,,,,,nfl.com,2025-07-18 17:10:44.977620
Kristian Williams,broncos,DT,75.0,"7'4""",295,,,Missouri,,,,,,,,,,,,,,nfl.com,2025-07-18 17:10:44.979021
Mitchell Agude,lions,LB,50.0,"7'6""",250,,,Miami,,,,,,,,,,,,,,nfl.com,2025-07-18 17:10:52.694694
Myles Adams,lions,DT,66.0,"7'4""",290,,,Rice,,,,,,,,,,,,,,nfl.com,2025-07-18 17:10:52.694333
Kyle Allen,lions,QB,8.0,"7'5""",210,,,Houston,,,,,,,,,,,,,,nfl.com,2025-07-18 17:10:52.695168
Alex Anzalone,lions,MLB,34.0,"7'5""",238,,,Florida,,,,,,,,,,,,,,nfl.com,2025-07-18 17:10:52.695258
Terrion Arnold,lions,CB,6.0,"7'2""",199,,,Alabama,,,,,,,,,,,,,,nfl.com,2025-07-18 17:10:52.695531
Jake Bates,lions,K,39.0,"7'0""",202,,,Arkansas,,,,,,,,,,,,,,nfl.com,2025-07-18 17:10:52.696783
Ronnie Bell,lions,WR,10.0,"7'2""",190,,,Michigan,,,,,,,,,,,,,,nfl.com,2025-07-18 17:10:52.697104
Brian Branch,lions,CB,32.0,"7'2""",203,,,Alabama,,,,,,,,,,,,,,nfl.com,2025-07-18 17:10:52.697423
Kayode Awosika,lions,OT,74.0,"7'5""",322,,,Buffalo,,,,,,,,,,,,,,nfl.com,2025-07-18 17:10:52.695597
Derrick Barnes,lions,LB,55.0,"7'2""",240,,,Purdue,,,,,,,,,,,,,,nfl.com,2025-07-18 17:10:52.695997
Trystan Colon,lions,C,,"7'5""",313,,,Missouri,,,,,,,,,,,,,,nfl.com,2025-07-18 17:10:52.698365
Keith Cooper,lions,DE,64.0,"7'7""",280,,,Houston,,,,,,,,,,,,,,nfl.com,2025-07-18 17:10:52.698715
Zach Cunningham,lions,ILB,42.0,"7'5""",238,,,Vanderbilt,,,,,,,,,,,,,,nfl.com,2025-07-18 17:10:52.698957
Marcus Davenport,lions,DE,92.0,"7'8""",285,,,Texas-San Antonio,,,,,,,,,,,,,,nfl.com,2025-07-18 17:10:52.699286
Jack Campbell,lions,LB,46.0,"7'7""",246,,,Iowa,,,,,,,,,,,,,,nfl.com,2025-07-18 17:10:52.698044
Luke Deal,lions,TE,82.0,"7'7""",259,,,Auburn,,,,,,,,,,,,,,nfl.com,2025-07-18 17:10:52.699879
Kingsley Eguakun,lions,C,65.0,"7'5""",312,,,Florida,,,,,,,,,,,,,,nfl.com,2025-07-18 17:10:52.700687
Khalil Dorsey,lions,DB,30.0,"6'8""",188,,,Northern Arizona,,,,,,,,,,,,,,nfl.com,2025-07-18 17:10:52.700413
Jack Fox,lions,P,3.0,"7'4""",218,,,Rice,,,,,,,,,,,,,,nfl.com,2025-07-18 17:10:52.700848
Miles Frazier,lions,G,71.0,"7'8""",317,,,LSU,,,,,,,,,,,,,,nfl.com,2025-07-18 17:10:52.701041
Taylor Decker,lions,OT,68.0,"7'9""",318,,,Ohio State,,,,,,,,,,,,,,nfl.com,2025-07-18 17:10:52.700232
Jahmyr Gibbs,lions,RB,,"6'9""",202,,,Alabama,,,,,,,,,,,,,,nfl.com,2025-07-18 17:10:52.701405
Graham Glasgow,lions,C,60.0,"7'8""",315,,,Michigan,,,,,,,,,,,,,,nfl.com,2025-07-18 17:10:52.701868
DaRon Gilbert,lions,LB,43.0,"7'3""",218,,,Northern Illinois,,,,,,,,,,,,,,nfl.com,2025-07-18 17:10:52.701606
Jared Goff,lions,QB,16.0,"7'6""",217,,,California,,,,,,,,,,,,,,nfl.com,2025-07-18 17:10:52.702101
Ahmed Hassanein,lions,DE,61.0,"7'4""",267,,,Boise State,,,,,,,,,,,,,,nfl.com,2025-07-18 17:10:52.702563
Erick Hallett,lions,SAF,36.0,"7'1""",190,,,Pittsburgh,,,,,,,,,,,,,,nfl.com,2025-07-18 17:10:52.702262
Hogan Hatten,lions,LS,49.0,"7'4""",239,,,Idaho,,,,,,,,,,,,,,nfl.com,2025-07-18 17:10:52.703195
Hendon Hooker,lions,QB,2.0,"7'5""",221,,,Tennessee,,,,,,,,,,,,,,nfl.com,2025-07-18 17:10:52.703449
Zach Horton,lions,TE,40.0,"7'6""",251,,,Indiana,,,,,,,,,,,,,,nfl.com,2025-07-18 17:10:52.703614
Aidan Hutchinson,lions,DE,97.0,"7'9""",268,,,Michigan,,,,,,,,,,,,,,nfl.com,2025-07-18 17:10:52.703849
Dan Jackson,lions,SAF,28.0,"7'3""",195,,,Georgia,,,,,,,,,,,,,,nfl.com,2025-07-18 17:10:52.704185
Kerby Joseph,lions,SAF,31.0,"7'3""",208,,,Illinois,,,,,,,,,,,,,,nfl.com,2025-07-18 17:10:52.704660
Jakobie Keeney-James,lions,WR,80.0,"7'3""",195,,,UMass Amherst,,,,,,,,,,,,,,nfl.com,2025-07-18 17:10:52.704851
Tom Kennedy,lions,WR,85.0,"7'0""",195,,,Bryant,,,,,,,,,,,,,,nfl.com,2025-07-18 17:10:52.705096
Ian Kennelly,lions,DB,27.0,"7'4""",205,,,Grand Valley,,,,,,,,,,,,,,nfl.com,2025-07-18 17:10:52.705254
Jamarco Jones,lions,OT,72.0,"7'6""",305,,,Ohio State,,,,,,,,,,,,,,nfl.com,2025-07-18 17:10:52.704425
Sam LaPorta,lions,TE,87.0,"7'5""",245,,,Iowa,,,,,,,,,,,,,,nfl.com,2025-07-18 17:10:52.705807
Roy Lopez,lions,DT,51.0,"7'4""",318,,,Arizona,,,,,,,,,,,,,,nfl.com,2025-07-18 17:10:52.706054
Dominic Lovett,lions,WR,19.0,"7'0""",185,,,Georgia,,,,,,,,,,,,,,nfl.com,2025-07-18 17:10:52.706303
Nate Lynn,lions,DE,57.0,"7'5""",252,,,William & Mary,,,,,,,,,,,,,,nfl.com,2025-07-18 17:10:52.706471
Avonte Maddox,lions,CB,29.0,"6'9""",184,,,Pittsburgh,,,,,,,,,,,,,,nfl.com,2025-07-18 17:10:52.706708
Christian Mahogany,lions,G,73.0,"7'5""",322,,,Boston College,,,,,,,,,,,,,,nfl.com,2025-07-18 17:10:52.707097
Giovanni Manu,lions,OL,59.0,"7'9""",354,,,University of British Columbia,,,,,,,,,,,,,,nfl.com,2025-07-18 17:10:52.707443
Brodric Martin,lions,DT,99.0,"7'7""",322,,,Western Kentucky,,,,,,,,,,,,,,nfl.com,2025-07-18 17:10:52.707635
Alim McNeill,lions,DT,54.0,"7'4""",315,,,N.C. State,,,,,,,,,,,,,,nfl.com,2025-07-18 17:10:52.707985
Jackson Meeks,lions,WR,83.0,"7'4""",210,,,Syracuse,,,,,,,,,,,,,,nfl.com,2025-07-18 17:10:52.708231
David Montgomery,lions,RB,5.0,"7'1""",230,,,Iowa State,,,,,,,,,,,,,,nfl.com,2025-07-18 17:10:52.708793
Al-Quadin Muhammad,lions,DT,96.0,"7'6""",250,,,Miami,,,,,,,,,,,,,,nfl.com,2025-07-18 17:10:52.709018
Netane Muti,lions,G,52.0,"7'5""",325,,,Fresno State,,,,,,,,,,,,,,nfl.com,2025-07-18 17:10:52.709264
Michael Niese,lions,G,62.0,"7'7""",300,,,Temple,,,,,,,,,,,,,,nfl.com,2025-07-18 17:10:52.709652
Mason Miller,lions,OT,63.0,"7'9""",305,,,North Dakota State,,,,,,,,,,,,,,nfl.com,2025-07-18 17:10:52.708581
Morice Norris Jr.,lions,DB,26.0,"7'1""",192,,,Fresno State,,,,,,,,,,,,,,nfl.com,2025-07-18 17:10:52.710115
Pat OConnor,lions,DE,95.0,"7'6""",300,,,Eastern Michigan,,,,,,,,,,,,,,nfl.com,2025-07-18 17:10:52.710581
Levi Onwuzurike,lions,DT,91.0,"7'5""",304,,,Washington,,,,,,,,,,,,,,nfl.com,2025-07-18 17:10:52.710829
Joshua Paschal,lions,DE,93.0,"7'5""",282,,,Kentucky,,,,,,,,,,,,,,nfl.com,2025-07-18 17:10:52.711128
Tim Patrick,lions,WR,12.0,"7'7""",210,,,Utah,,,,,,,,,,,,,,nfl.com,2025-07-18 17:10:52.711421
Trevor Nowaske,lions,LB,53.0,"7'5""",237,,,Saginaw Valley State,,,,,,,,,,,,,,nfl.com,2025-07-18 17:10:52.710278
Ennis Rakestraw Jr.,lions,CB,9.0,"7'1""",191,,,Missouri,,,,,,,,,,,,,,nfl.com,2025-07-18 17:10:52.712073
Tate Ratledge,lions,G,69.0,"7'8""",308,,,Georgia,,,,,,,,,,,,,,nfl.com,2025-07-18 17:10:52.712284
Kalif Raymond,lions,WR,11.0,"6'8""",180,,,Holy Cross,,,,,,,,,,,,,,nfl.com,2025-07-18 17:10:52.712595
Anthony Pittman,lions,LB,41.0,"7'5""",224,,,Wayne State,,,,,,,,,,,,,,nfl.com,2025-07-18 17:10:52.711873
D.J. Reader,lions,DE,98.0,"7'5""",335,,,Clemson,,,,,,,,,,,,,,nfl.com,2025-07-18 17:10:52.713162
D.J. Reed,lions,CB,4.0,"6'9""",188,,,Kansas State,,,,,,,,,,,,,,nfl.com,2025-07-18 17:10:52.713502
Craig Reynolds,lions,RB,13.0,"7'1""",216,,,Kutztown,,,,,,,,,,,,,,nfl.com,2025-07-18 17:10:52.713804
Amik Robertson,lions,CB,21.0,"6'9""",183,,,Louisiana Tech,,,,,,,,,,,,,,nfl.com,2025-07-18 17:10:52.714027
Kye Robichaux,lions,RB,25.0,"7'2""",217,,,Boston College,,,,,,,,,,,,,,nfl.com,2025-07-18 17:10:52.714167
Chris Smith,lions,DT,90.0,"7'3""",316,,,Notre Dame,,,,,,,,,,,,,,nfl.com,2025-07-18 17:10:52.715391
Colby Sorsdal,lions,G,75.0,"7'8""",315,,,William & Mary,,,,,,,,,,,,,,nfl.com,2025-07-18 17:10:52.715623
Malcolm Rodriguez,lions,LB,44.0,"7'1""",234,,,Oklahoma State,,,,,,,,,,,,,,nfl.com,2025-07-18 17:10:52.714430
Penei Sewell,lions,OT,58.0,"7'7""",335,,,Oregon,,,,,,,,,,,,,,nfl.com,2025-07-18 17:10:52.714766
Dan Skipper,lions,OT,70.0,"8'1""",330,,,Arkansas,,,,,,,,,,,,,,nfl.com,2025-07-18 17:10:52.715134
Amon-Ra St. Brown,lions,WR,14.0,"7'2""",202,,,USC,,,,,,,,,,,,,,nfl.com,2025-07-18 17:10:52.716269
Loren Strickland,lions,SAF,24.0,"7'0""",202,,,Ball State,,,,,,,,,,,,,,nfl.com,2025-07-18 17:10:52.716546
Malik Taylor,lions,WR,86.0,"7'5""",220,,,Ferris State,,,,,,,,,,,,,,nfl.com,2025-07-18 17:10:52.716985
Isaac TeSlaa,lions,WR,18.0,"7'6""",214,,,Arkansas,,,,,,,,,,,,,,nfl.com,2025-07-18 17:10:52.717260
Stantley Thomas-Oliver,lions,CB,38.0,"7'2""",190,,,Florida International,,,,,,,,,,,,,,nfl.com,2025-07-18 17:10:52.717446
Isaac Ukwu,lions,DE,45.0,"7'5""",265,,,Mississippi,,,,,,,,,,,,,,nfl.com,2025-07-18 17:10:52.718031
Grant Stuard,lions,LB,15.0,"7'1""",230,,,Houston,,,,,,,,,,,,,,nfl.com,2025-07-18 17:10:52.716788
Sione Vaki,lions,RB,33.0,"7'1""",213,,,Utah,,,,,,,,,,,,,,nfl.com,2025-07-18 17:10:52.718215
Jameson Williams,lions,WR,1.0,"7'3""",180,,,Alabama,,,,,,,,,,,,,,nfl.com,2025-07-18 17:10:52.718593
Ezekiel Turner,lions,LB,47.0,"7'4""",214,,,Washington,,,,,,,,,,,,,,nfl.com,2025-07-18 17:10:52.717678
Raequan Williams,lions,DT,76.0,"7'6""",305,,,Michigan State,,,,,,,,,,,,,,nfl.com,2025-07-18 17:10:52.718869
Tyleik Williams,lions,DT,78.0,"7'5""",334,,,Ohio State,,,,,,,,,,,,,,nfl.com,2025-07-18 17:10:52.719111
Mekhi Wingo,lions,DT,94.0,"7'2""",288,,,LSU,,,,,,,,,,,,,,nfl.com,2025-07-18 17:10:52.719410
Brock Wright,lions,TE,89.0,"7'7""",254,,,Notre Dame,,,,,,,,,,,,,,nfl.com,2025-07-18 17:10:52.719709
Rock Ya-Sin,lions,CB,23.0,"7'2""",190,,,Temple,,,,,,,,,,,,,,nfl.com,2025-07-18 17:10:52.720223
Kenny Yeboah,lions,TE,88.0,"7'6""",250,,,Mississippi,,,,,,,,,,,,,,nfl.com,2025-07-18 17:10:52.720629
Shane Zylstra,lions,TE,84.0,"7'6""",244,,,Minnesota State,,,,,,,,,,,,,,nfl.com,2025-07-18 17:10:52.720818
Deslin Alexandre,packers,DL,49.0,"7'5""",264,,,Pittsburgh,,,,,,,,,,,,,,nfl.com,2025-07-18 17:11:00.619098
Zayne Anderson,packers,SAF,39.0,"7'4""",206,,,BYU,,,,,,,,,,,,,,nfl.com,2025-07-18 17:11:00.619559
Johnathan Baldwin,packers,CB,37.0,"7'2""",190,,,UNLV,,,,,,,,,,,,,,nfl.com,2025-07-18 17:11:00.620474
Brant Banks,packers,OT,72.0,"7'9""",306,,,Rice,,,,,,,,,,,,,,nfl.com,2025-07-18 17:11:00.621310
Aaron Banks,packers,G,65.0,"7'7""",325,,,Notre Dame,,,,,,,,,,,,,,nfl.com,2025-07-18 17:11:00.621120
Warren Brinson,packers,DT,91.0,"7'7""",315,,,Georgia,,,,,,,,,,,,,,nfl.com,2025-07-18 17:11:00.622034
Chris Brooks,packers,RB,30.0,"7'3""",219,,,BYU,,,,,,,,,,,,,,nfl.com,2025-07-18 17:11:00.622097
Karl Brooks,packers,DT,94.0,"7'5""",296,,,Bowling Green,,,,,,,,,,,,,,nfl.com,2025-07-18 17:11:00.622149
Anthony Belton,packers,OT,,"7'8""",336,,,N.C. State,,,,,,,,,,,,,,nfl.com,2025-07-18 17:11:00.621933
Kahzir Brown,packers,SAF,35.0,"7'3""",223,,,Florida Atlantic,,,,,,,,,,,,,,nfl.com,2025-07-18 17:11:00.624283
Omar Brown,packers,SAF,40.0,"7'3""",205,,,Nebraska,,,,,,,,,,,,,,nfl.com,2025-07-18 17:11:00.625473
Sam Brown Jr.,packers,WR,,"7'4""",195,,,Miami,,,,,,,,,,,,,,nfl.com,2025-07-18 17:11:00.625718
Javon Bullard,packers,SAF,20.0,"7'0""",198,,,Georgia,,,,,,,,,,,,,,nfl.com,2025-07-18 17:11:00.626035
Kenny Clark,packers,NT,97.0,"7'5""",314,,,UCLA,,,,,,,,,,,,,,nfl.com,2025-07-18 17:11:00.626287
Sean Clifford,packers,QB,16.0,"7'4""",217,,,Penn State,,,,,,,,,,,,,,nfl.com,2025-07-18 17:11:00.626406
Tyler Cooper,packers,G,60.0,"7'7""",302,,,Minnesota,,,,,,,,,,,,,,nfl.com,2025-07-18 17:11:00.627139
Taylor Elgersma,packers,QB,19.0,"7'7""",227,,,,,,,,,,,,,,,,,nfl.com,2025-07-18 17:11:00.628106
Romeo Doubs,packers,WR,87.0,"7'4""",204,,,Nevada,,,,,,,,,,,,,,nfl.com,2025-07-18 17:11:00.627642
James Ester,packers,DT,98.0,"7'5""",289,,,Northern Illinois,,,,,,,,,,,,,,nfl.com,2025-07-18 17:11:00.628479
Edgerrin Cooper,packers,LB,56.0,"7'4""",229,,,Texas A&M,,,,,,,,,,,,,,nfl.com,2025-07-18 17:11:00.626500
Brenton Cox Jr.,packers,DE,57.0,"7'6""",250,,,Florida,,,,,,,,,,,,,,nfl.com,2025-07-18 17:11:00.627432
John FitzPatrick,packers,TE,86.0,"7'9""",262,,,Georgia,,,,,,,,,,,,,,nfl.com,2025-07-18 17:11:00.628687
Travis Glover,packers,OT,79.0,"7'8""",317,,,Georgia State,,,,,,,,,,,,,,nfl.com,2025-07-18 17:11:00.629089
Matthew Golden,packers,WR,22.0,"7'2""",195,,,Texas,,,,,,,,,,,,,,nfl.com,2025-07-18 17:11:00.629329
Kamal Hadden,packers,CB,36.0,"7'3""",192,,,Tennessee,,,,,,,,,,,,,,nfl.com,2025-07-18 17:11:00.629534
Alex Hale,packers,K,16.0,"7'3""",203,,,Oklahoma State,,,,,,,,,,,,,,nfl.com,2025-07-18 17:11:00.629683
Rashan Gary,packers,DE,52.0,"7'7""",277,,,Michigan,,,,,,,,,,,,,,nfl.com,2025-07-18 17:11:00.628842
Kingsley Enagbare,packers,DE,55.0,"7'6""",258,,,South Carolina,,,,,,,,,,,,,,nfl.com,2025-07-18 17:11:00.628288
Malik Heath,packers,WR,18.0,"7'4""",213,,,Mississippi,,,,,,,,,,,,,,nfl.com,2025-07-18 17:11:00.630041
Mecole Hardman,packers,WR,6.0,"7'0""",187,,,Georgia,,,,,,,,,,,,,,nfl.com,2025-07-18 17:11:00.629894
Julian Hicks,packers,WR,81.0,"7'4""",201,,,Albany,,,,,,,,,,,,,,nfl.com,2025-07-18 17:11:00.631652
Trey Hill,packers,C,64.0,"7'6""",319,,,Georgia,,,,,,,,,,,,,,nfl.com,2025-07-18 17:11:00.631925
Nate Hobbs,packers,CB,21.0,"7'3""",195,,,Illinois,,,,,,,,,,,,,,nfl.com,2025-07-18 17:11:00.632120
TyRon Hopper,packers,LB,59.0,"7'4""",228,,,Missouri,,,,,,,,,,,,,,nfl.com,2025-07-18 17:11:00.632415
Josh Jacobs,packers,RB,8.0,"7'0""",223,,,Alabama,,,,,,,,,,,,,,nfl.com,2025-07-18 17:11:00.632863
Elgton Jenkins,packers,C,74.0,"7'7""",311,,,Mississippi State,,,,,,,,,,,,,,nfl.com,2025-07-18 17:11:00.633059
Amar Johnson,packers,RB,46.0,"7'0""",205,,,South Dakota State,,,,,,,,,,,,,,nfl.com,2025-07-18 17:11:00.633567
Cornelius Johnson,packers,WR,84.0,"7'5""",212,,,Michigan,,,,,,,,,,,,,,nfl.com,2025-07-18 17:11:00.633692
Donovan Jennings,packers,OT,67.0,"7'6""",323,,,University of South Florida,,,,,,,,,,,,,,nfl.com,2025-07-18 17:11:00.633396
Gregory Junior,packers,CB,41.0,"7'2""",190,,,Ouachita Baptist University,,,,,,,,,,,,,,nfl.com,2025-07-18 17:11:00.634293
Kalen King,packers,CB,34.0,"7'1""",190,,,Penn State,,,,,,,,,,,,,,nfl.com,2025-07-18 17:11:00.634724
Jamon Johnson,packers,LB,48.0,"7'3""",236,,,Kentucky,,,,,,,,,,,,,,nfl.com,2025-07-18 17:11:00.634144
Tucker Kraft,packers,TE,85.0,"7'7""",259,,,South Dakota State,,,,,,,,,,,,,,nfl.com,2025-07-18 17:11:00.634975
J.J. Lippe,packers,G,61.0,"7'7""",302,,,Northern Illinois,,,,,,,,,,,,,,nfl.com,2025-07-18 17:11:00.635307
MarShawn Lloyd,packers,RB,32.0,"6'9""",220,,,USC,,,,,,,,,,,,,,nfl.com,2025-07-18 17:11:00.635478
Jordan Love,packers,QB,10.0,"7'6""",219,,,Utah State,,,,,,,,,,,,,,nfl.com,2025-07-18 17:11:00.635600
Isaiah Dunn,packers,CB,47.0,"7'2""",189,,,Oregon State,,,,,,,,,,,,,,nfl.com,2025-07-18 17:11:00.627808
Johnny Lumpkin,packers,TE,43.0,"7'7""",264,,,Louisiana-Lafayette,,,,,,,,,,,,,,nfl.com,2025-07-18 17:11:00.635959
Xavier McKinney,packers,SAF,29.0,"7'2""",201,,,Alabama,,,,,,,,,,,,,,nfl.com,2025-07-18 17:11:00.636301
Brandon McManus,packers,K,17.0,"7'5""",201,,,Temple,,,,,,,,,,,,,,nfl.com,2025-07-18 17:11:00.636437
Tyron Herring,packers,CB,46.0,"7'3""",201,,,Delaware,,,,,,,,,,,,,,nfl.com,2025-07-18 17:11:00.630162
Bo Melton,packers,WR,80.0,"7'1""",189,,,Rutgers,,,,,,,,,,,,,,nfl.com,2025-07-18 17:11:00.637062
Isaiah McDuffie,packers,LB,58.0,"7'3""",227,,,Boston College,,,,,,,,,,,,,,nfl.com,2025-07-18 17:11:00.636165
Jacob Monk,packers,C,62.0,"7'5""",308,,,Duke,,,,,,,,,,,,,,nfl.com,2025-07-18 17:11:00.637415
Arron Mosby,packers,DE,53.0,"7'5""",250,,,Fresno State,,,,,,,,,,,,,,nfl.com,2025-07-18 17:11:00.637806
Luke Musgrave,packers,TE,88.0,"7'8""",253,,,Oregon State,,,,,,,,,,,,,,nfl.com,2025-07-18 17:11:00.638228
Keisean Nixon,packers,DB,25.0,"7'0""",200,,,South Carolina,,,,,,,,,,,,,,nfl.com,2025-07-18 17:11:00.638416
Kitan Oladapo,packers,SAF,27.0,"7'4""",216,,,Oregon State,,,,,,,,,,,,,,nfl.com,2025-07-18 17:11:00.638524
Jordan Morgan,packers,OT,77.0,"7'7""",311,,,Arizona,,,,,,,,,,,,,,nfl.com,2025-07-18 17:11:00.637530
Collin Oliver,packers,DE,45.0,"7'4""",240,,,Oklahoma State,,,,,,,,,,,,,,nfl.com,2025-07-18 17:11:00.638689
Keith Randolph Jr.,packers,DT,60.0,"7'6""",296,,,Illinois,,,,,,,,,,,,,,nfl.com,2025-07-18 17:11:00.639306
Jayden Reed,packers,WR,11.0,"7'1""",187,,,Michigan State,,,,,,,,,,,,,,nfl.com,2025-07-18 17:11:00.639430
Matthew Orzech,packers,LS,42.0,"7'5""",245,,,Azusa Pacific,,,,,,,,,,,,,,nfl.com,2025-07-18 17:11:00.639211
Nesta Jade Silvera,packers,DT,69.0,"7'4""",304,,,Arizona State,,,,,,,,,,,,,,nfl.com,2025-07-18 17:11:00.640265
Sean Rhyan,packers,OT,75.0,"7'7""",320,,,UCLA,,,,,,,,,,,,,,nfl.com,2025-07-18 17:11:00.639527
Micah Robinson,packers,CB,26.0,"7'1""",185,,,Tulane,,,,,,,,,,,,,,nfl.com,2025-07-18 17:11:00.640162
Barryn Sorrell,packers,DE,99.0,"7'5""",256,,,Texas,,,,,,,,,,,,,,nfl.com,2025-07-18 17:11:00.641076
Isaiah Simmons,packers,LB,28.0,"7'6""",238,,,Clemson,,,,,,,,,,,,,,nfl.com,2025-07-18 17:11:00.640403
Nazir Stackhouse,packers,DT,93.0,"7'6""",327,,,Georgia,,,,,,,,,,,,,,nfl.com,2025-07-18 17:11:00.641223
Ben Sims,packers,TE,89.0,"7'7""",250,,,Baylor,,,,,,,,,,,,,,nfl.com,2025-07-18 17:11:00.640978
Zach Tom,packers,G,50.0,"7'6""",304,,,Wake Forest,,,,,,,,,,,,,,nfl.com,2025-07-18 17:11:00.642187
Carrington Valentine,packers,DB,24.0,"7'2""",189,,,Kentucky,,,,,,,,,,,,,,nfl.com,2025-07-18 17:11:00.642325
Kadeem Telfort,packers,OT,76.0,"7'9""",322,,,UAB,,,,,,,,,,,,,,nfl.com,2025-07-18 17:11:00.642076
Messiah Swinson,packers,TE,48.0,"7'9""",259,,,Arizona State,,,,,,,,,,,,,,nfl.com,2025-07-18 17:11:00.641866
Lukas Van Ness,packers,DE,90.0,"7'7""",272,,,Iowa,,,,,,,,,,,,,,nfl.com,2025-07-18 17:11:00.643074
Christian Watson,packers,WR,9.0,"7'6""",208,,,North Dakota State,,,,,,,,,,,,,,nfl.com,2025-07-18 17:11:00.644001
Quay Walker,packers,LB,7.0,"7'6""",240,,,Georgia,,,,,,,,,,,,,,nfl.com,2025-07-18 17:11:00.643298
Jalen White,packers,RB,35.0,"7'2""",205,,,Georgia Southern,,,,,,,,,,,,,,nfl.com,2025-07-18 17:11:00.645243
Dontayvion Wicks,packers,WR,13.0,"7'3""",206,,,Virginia,,,,,,,,,,,,,,nfl.com,2025-07-18 17:11:00.645377
Rasheed Walker,packers,OT,63.0,"7'8""",325,,,Penn State,,,,,,,,,,,,,,nfl.com,2025-07-18 17:11:00.643843
Kristian Welch,packers,LB,54.0,"7'5""",240,,,Iowa,,,,,,,,,,,,,,nfl.com,2025-07-18 17:11:00.644277
Evan Williams,packers,SAF,33.0,"7'1""",200,,,Oregon,,,,,,,,,,,,,,nfl.com,2025-07-18 17:11:00.646157
John Williams,packers,G,73.0,"7'6""",322,,,Cincinnati,,,,,,,,,,,,,,nfl.com,2025-07-18 17:11:00.646309
Daniel Whelan,packers,P,19.0,"7'7""",216,,,UC Davis,,,,,,,,,,,,,,nfl.com,2025-07-18 17:11:00.645042
Savion Williams,packers,WR,83.0,"7'6""",222,,,TCU,,,,,,,,,,,,,,nfl.com,2025-07-18 17:11:00.646475
Emanuel Wilson,packers,RB,31.0,"7'1""",226,,,Fort Valley State College,,,,,,,,,,,,,,nfl.com,2025-07-18 17:11:00.647394
Colby Wooden,packers,DE,96.0,"7'6""",273,,,Auburn,,,,,,,,,,,,,,nfl.com,2025-07-18 17:11:00.647551
Devonte Wyatt,packers,DT,95.0,"7'5""",304,,,Georgia,,,,,,,,,,,,,,nfl.com,2025-07-18 17:11:00.647716
Malik Willis,packers,QB,2.0,"7'3""",225,,,Liberty,,,,,,,,,,,,,,nfl.com,2025-07-18 17:11:00.647197
Cameron Young,packers,DT,,"7'5""",325,,,Mississippi State,,,,,,,,,,,,,,nfl.com,2025-07-18 17:11:00.648298
Will Anderson Jr.,texans,DE,51.0,"7'6""",243,,,Alabama,,,,,,,,,,,,,,nfl.com,2025-07-18 17:11:10.013334
Azeez Al-Shaair,texans,LB,,"7'4""",228,,,Florida Atlantic,,,,,,,,,,,,,,nfl.com,2025-07-18 17:11:10.012888
Jake Andrews,texans,C,67.0,"7'5""",308,,,Troy,,,,,,,,,,,,,,nfl.com,2025-07-18 17:11:10.013645
Damon Arnette,texans,CB,,"7'2""",195,,,Ohio State,,,,,,,,,,,,,,nfl.com,2025-07-18 17:11:10.013886
Denico Autry,texans,DT,96.0,"7'7""",285,,,Mississippi State,,,,,,,,,,,,,,nfl.com,2025-07-18 17:11:10.014235
Derek Barnett,texans,DE,95.0,"7'5""",259,,,Tennessee,,,,,,,,,,,,,,nfl.com,2025-07-18 17:11:10.014310
Braxton Berrios,texans,WR,17.0,"6'9""",185,,,Miami,,,,,,,,,,,,,,nfl.com,2025-07-18 17:11:10.016680
Austin Brinkman,texans,LS,40.0,"7'6""",241,,,West Virginia,,,,,,,,,,,,,,nfl.com,2025-07-18 17:11:10.017028
British Brooks,texans,RB,44.0,"7'1""",225,,,North Carolina,,,,,,,,,,,,,,nfl.com,2025-07-18 17:11:10.017263
Myles Bryant,texans,CB,30.0,"6'9""",192,,,Washington,,,,,,,,,,,,,,nfl.com,2025-07-18 17:11:10.017821
Calen Bullock,texans,SAF,21.0,"7'5""",190,,,USC,,,,,,,,,,,,,,nfl.com,2025-07-18 17:11:10.018440
Solomon Byrd,texans,DE,50.0,"7'5""",250,,,USC,,,,,,,,,,,,,,nfl.com,2025-07-18 17:11:10.018607
Keydrain Calligan,texans,DB,,"7'3""",200,,,Southeastern Louisiana,,,,,,,,,,,,,,nfl.com,2025-07-18 17:11:10.018820
Trent Brown,texans,OT,77.0,"8'0""",380,,,Florida,,,,,,,,,,,,,,nfl.com,2025-07-18 17:11:10.017585
Nick Chubb,texans,RB,,"7'1""",227,,,Georgia,,,,,,,,,,,,,,nfl.com,2025-07-18 17:11:10.019191
Nico Collins,texans,WR,12.0,"7'6""",222,,,Michigan,,,,,,,,,,,,,,nfl.com,2025-07-18 17:11:10.019371
Eli Cox,texans,C,65.0,"7'6""",309,,,Kentucky,,,,,,,,,,,,,,nfl.com,2025-07-18 17:11:10.019600
Tank Dell,texans,WR,3.0,"7'0""",165,,,Houston,,,,,,,,,,,,,,nfl.com,2025-07-18 17:11:10.019953
Mario Edwards,texans,DE,97.0,"7'5""",280,,,Florida State,,,,,,,,,,,,,,nfl.com,2025-07-18 17:11:10.020164
Kaimi Fairbairn,texans,K,15.0,"7'2""",183,,,UCLA,,,,,,,,,,,,,,nfl.com,2025-07-18 17:11:10.020636
Austin Deculus,texans,OT,75.0,"7'7""",321,,,LSU,,,,,,,,,,,,,,nfl.com,2025-07-18 17:11:10.019761
Foley Fatukasi,texans,DT,91.0,"7'6""",318,,,Connecticut,,,,,,,,,,,,,,nfl.com,2025-07-18 17:11:10.020972
Aireontae Ersery,texans,OT,,"7'8""",330,,,Minnesota,,,,,,,,,,,,,,nfl.com,2025-07-18 17:11:10.020296
C.J. Gardner-Johnson,texans,SAF,23.0,"7'1""",208,,,Florida,,,,,,,,,,,,,,nfl.com,2025-07-18 17:11:10.021604
Kyonte Hamilton,texans,DT,58.0,"7'6""",304,,,Rutgers,,,,,,,,,,,,,,nfl.com,2025-07-18 17:11:10.021831
Blake Fisher,texans,OT,57.0,"7'8""",310,,,Notre Dame,,,,,,,,,,,,,,nfl.com,2025-07-18 17:11:10.021244
LaDarius Henderson,texans,G,77.0,"7'6""",309,,,Michigan,,,,,,,,,,,,,,nfl.com,2025-07-18 17:11:10.022765
Jayden Higgins,texans,WR,81.0,"7'6""",215,,,Iowa State,,,,,,,,,,,,,,nfl.com,2025-07-18 17:11:10.023020
Jake Hansen,texans,LB,35.0,"7'3""",230,,,Illinois,,,,,,,,,,,,,,nfl.com,2025-07-18 17:11:10.022216
Christian Harris,texans,LB,48.0,"7'4""",232,,,Alabama,,,,,,,,,,,,,,nfl.com,2025-07-18 17:11:10.022617
Kurt Hinish,texans,DT,93.0,"7'3""",296,,,Notre Dame,,,,,,,,,,,,,,nfl.com,2025-07-18 17:11:10.023891
Dylan Horton,texans,DE,92.0,"7'6""",275,,,TCU,,,,,,,,,,,,,,nfl.com,2025-07-18 17:11:10.024186
Jamal Hill,texans,LB,56.0,"7'2""",226,,,Oregon,,,,,,,,,,,,,,nfl.com,2025-07-18 17:11:10.023523
Danielle Hunter,texans,DE,55.0,"7'7""",263,,,LSU,,,,,,,,,,,,,,nfl.com,2025-07-18 17:11:10.024708
Xavier Hutchinson,texans,WR,19.0,"7'5""",210,,,Iowa State,,,,,,,,,,,,,,nfl.com,2025-07-18 17:11:10.025101
Alijah Huzzie,texans,CB,36.0,"7'0""",195,,,North Carolina,,,,,,,,,,,,,,nfl.com,2025-07-18 17:11:10.025240
Ed Ingram,texans,G,69.0,"7'5""",307,,,LSU,,,,,,,,,,,,,,nfl.com,2025-07-18 17:11:10.025542
Johnny Johnson III,texans,WR,88.0,"7'3""",199,,,Oregon,,,,,,,,,,,,,,nfl.com,2025-07-18 17:11:10.026773
Daniel Jackson,texans,WR,85.0,"7'2""",195,,,Minnesota,,,,,,,,,,,,,,nfl.com,2025-07-18 17:11:10.025832
Jawhar Jordan,texans,RB,22.0,"7'0""",186,,,Louisville,,,,,,,,,,,,,,nfl.com,2025-07-18 17:11:10.027411
Christian Kirk,texans,WR,13.0,"7'1""",200,,,Texas A&M,,,,,,,,,,,,,,nfl.com,2025-07-18 17:11:10.027836
Brevin Jordan,texans,TE,9.0,"7'5""",245,,,Miami,,,,,,,,,,,,,,nfl.com,2025-07-18 17:11:10.027049
Tytus Howard,texans,OT,71.0,"7'7""",322,,,Alabama State,,,,,,,,,,,,,,nfl.com,2025-07-18 17:11:10.024557
Jakob Johnson,texans,FB,43.0,"7'5""",255,,,Tennessee,,,,,,,,,,,,,,nfl.com,2025-07-18 17:11:10.026291
Luke Lachey,texans,TE,42.0,"7'8""",247,,,Iowa,,,,,,,,,,,,,,nfl.com,2025-07-18 17:11:10.028080
Kamari Lassiter,texans,CB,4.0,"7'2""",180,,,Georgia,,,,,,,,,,,,,,nfl.com,2025-07-18 17:11:10.028408
Davis Mills,texans,QB,10.0,"7'6""",225,,,Stanford,,,,,,,,,,,,,,nfl.com,2025-07-18 17:11:10.029760
Joe Mixon,texans,RB,28.0,"7'3""",220,,,Oklahoma,,,,,,,,,,,,,,nfl.com,2025-07-18 17:11:10.030025
John Metchie III,texans,WR,8.0,"7'2""",195,,,Alabama,,,,,,,,,,,,,,nfl.com,2025-07-18 17:11:10.029544
Woody Marks,texans,RB,27.0,"7'0""",208,,,USC,,,,,,,,,,,,,,nfl.com,2025-07-18 17:11:10.028589
Graham Mertz,texans,QB,18.0,"7'4""",216,,,Florida,,,,,,,,,,,,,,nfl.com,2025-07-18 17:11:10.028879
Xavier Johnson,texans,WR,89.0,"7'3""",204,,,Ohio State,,,,,,,,,,,,,,nfl.com,2025-07-18 17:11:10.026531
Jaylin Noel,texans,WR,82.0,"7'0""",200,,,Iowa State,,,,,,,,,,,,,,nfl.com,2025-07-18 17:11:10.030536
Dare Ogunbowale,texans,RB,33.0,"7'1""",205,,,Wisconsin,,,,,,,,,,,,,,nfl.com,2025-07-18 17:11:10.030770
Jarrett Patterson,texans,C,54.0,"7'6""",310,,,Notre Dame,,,,,,,,,,,,,,nfl.com,2025-07-18 17:11:10.031473
Dameon Pierce,texans,RB,31.0,"7'0""",215,,,Florida,,,,,,,,,,,,,,nfl.com,2025-07-18 17:11:10.031705
Jalen Pitre,texans,SAF,5.0,"7'2""",200,,,Baylor,,,,,,,,,,,,,,nfl.com,2025-07-18 17:11:10.032064
K.C. Ossai,texans,LB,47.0,"7'3""",240,,,Louisiana,,,,,,,,,,,,,,nfl.com,2025-07-18 17:11:10.031213
Nick Niemann,texans,LB,32.0,"7'5""",234,,,Iowa,,,,,,,,,,,,,,nfl.com,2025-07-18 17:11:10.030208
Sheldon Rankins,texans,DT,90.0,"7'4""",305,,,Louisville,,,,,,,,,,,,,,nfl.com,2025-07-18 17:11:10.033046
Jaylen Reed,texans,SAF,34.0,"7'2""",212,,,Penn State,,,,,,,,,,,,,,nfl.com,2025-07-18 17:11:10.033361
Cam Robinson,texans,OT,74.0,"7'8""",335,,,Alabama,,,,,,,,,,,,,,nfl.com,2025-07-18 17:11:10.033622
Dalton Schultz,texans,TE,86.0,"7'7""",242,,,Stanford,,,,,,,,,,,,,,nfl.com,2025-07-18 17:11:10.033973
Irv Smith,texans,TE,83.0,"7'4""",240,,,Alabama,,,,,,,,,,,,,,nfl.com,2025-07-18 17:11:10.035222
Tim Settle,texans,DT,98.0,"7'5""",313,,,Virginia Tech,,,,,,,,,,,,,,nfl.com,2025-07-18 17:11:10.034483
DAngelo Ross,texans,CB,37.0,"6'9""",190,,,New Mexico,,,,,,,,,,,,,,nfl.com,2025-07-18 17:11:10.033793
Kedon Slovis,texans,QB,16.0,"7'4""",223,,,BYU,,,,,,,,,,,,,,nfl.com,2025-07-18 17:11:10.034953
Juice Scruggs,texans,C,70.0,"7'5""",310,,,Penn State,,,,,,,,,,,,,,nfl.com,2025-07-18 17:11:10.034223
Jaylin Smith,texans,CB,30.0,"7'1""",190,,,USC,,,,,,,,,,,,,,nfl.com,2025-07-18 17:11:10.035380
Cade Stover,texans,TE,87.0,"7'6""",251,,,Ohio State,,,,,,,,,,,,,,nfl.com,2025-07-18 17:11:10.036707
M.J. Stewart,texans,SAF,29.0,"7'1""",205,,,North Carolina,,,,,,,,,,,,,,nfl.com,2025-07-18 17:11:10.036250
Junior Tafuna,texans,DT,53.0,"7'5""",305,,,Utah,,,,,,,,,,,,,,nfl.com,2025-07-18 17:11:10.037402
Tremon Smith,texans,CB,11.0,"7'2""",190,,,Central Arkansas,,,,,,,,,,,,,,nfl.com,2025-07-18 17:11:10.035726
C.J. Stroud,texans,QB,7.0,"7'5""",218,,,Ohio State,,,,,,,,,,,,,,nfl.com,2025-07-18 17:11:10.037031
E.J. Speed,texans,LB,45.0,"7'6""",227,,,Tarleton State,,,,,,,,,,,,,,nfl.com,2025-07-18 17:11:10.036025
Derek Stingley Jr.,texans,CB,24.0,"7'3""",195,,,LSU,,,,,,,,,,,,,,nfl.com,2025-07-18 17:11:10.036429
Darrell Taylor,texans,DE,52.0,"7'6""",255,,,Tennessee,,,,,,,,,,,,,,nfl.com,2025-07-18 17:11:10.037749
J.J. Taylor,texans,RB,26.0,"6'6""",185,,,Arizona,,,,,,,,,,,,,,nfl.com,2025-07-18 17:11:10.038196
Tommy Togiai,texans,DT,72.0,"7'4""",296,,,Ohio State,,,,,,,,,,,,,,nfl.com,2025-07-18 17:11:10.038693
Casey Toohill,texans,DE,91.0,"7'7""",250,,,Stanford,,,,,,,,,,,,,,nfl.com,2025-07-18 17:11:10.039590
Jaylon Thomas,texans,OT,72.0,"7'7""",311,,,SMU,,,,,,,,,,,,,,nfl.com,2025-07-18 17:11:10.038353
Zach Thomas,texans,OT,74.0,"7'7""",300,,,San Diego State,,,,,,,,,,,,,,nfl.com,2025-07-18 17:11:10.038535
Laken Tomlinson,texans,G,75.0,"7'5""",323,,,Duke,,,,,,,,,,,,,,nfl.com,2025-07-18 17:11:10.039346
Henry TooToo,texans,LB,39.0,"7'4""",228,,,Alabama,,,,,,,,,,,,,,nfl.com,2025-07-18 17:11:10.040090
Tommy Townsend,texans,P,6.0,"7'3""",191,,,Florida,,,,,,,,,,,,,,nfl.com,2025-07-18 17:11:10.040378
Jimmie Ward,texans,SAF,20.0,"7'1""",193,,,Northern Illinois,,,,,,,,,,,,,,nfl.com,2025-07-18 17:11:10.040600
Justin Watson,texans,WR,84.0,"7'4""",215,,,Penn,,,,,,,,,,,,,,nfl.com,2025-07-18 17:11:10.040903
Jared Wayne,texans,WR,14.0,"7'5""",210,,,Pittsburgh,,,,,,,,,,,,,,nfl.com,2025-07-18 17:11:10.041200
Russ Yeast,texans,SAF,25.0,"7'0""",195,,,Kansas State,,,,,,,,,,,,,,nfl.com,2025-07-18 17:11:10.041793
Jackson Woodard,texans,LB,46.0,"7'4""",230,,,UNLV,,,,,,,,,,,,,,nfl.com,2025-07-18 17:11:10.041571
Adetomiwa Adebawore,colts,DT,95.0,"7'4""",282,,,Northwestern,,,,,,,,,,,,,,nfl.com,2025-07-18 17:11:19.066504
Salvon Ahmed,colts,RB,36.0,"7'1""",197,,,Washington,,,,,,,,,,,,,,nfl.com,2025-07-18 17:11:19.066772
Ajou Ajou,colts,WR,9.0,"7'5""",218,,,Garden City CC,,,,,,,,,,,,,,nfl.com,2025-07-18 17:11:19.067232
Mo Alie-Cox,colts,TE,81.0,"7'7""",267,,,Virginia Commonwealth Univ.,,,,,,,,,,,,,,nfl.com,2025-07-18 17:11:19.067524
Austin Ajiake,colts,LB,58.0,"7'3""",223,,,UNLV,,,,,,,,,,,,,,nfl.com,2025-07-18 17:11:19.067004
Joe Bachie,colts,LB,48.0,"7'4""",235,,,Michigan State,,,,,,,,,,,,,,nfl.com,2025-07-18 17:11:19.070181
Jason Bean,colts,QB,8.0,"7'4""",196,,,Kansas,,,,,,,,,,,,,,nfl.com,2025-07-18 17:11:19.070899
Liam Anderson,colts,LB,47.0,"7'5""",226,,,Holy Cross,,,,,,,,,,,,,,nfl.com,2025-07-18 17:11:19.069974
Corey Ballentine,colts,CB,38.0,"7'1""",196,,,Washburn,,,,,,,,,,,,,,nfl.com,2025-07-18 17:11:19.070629
Ulysses Bentley IV,colts,RB,37.0,"6'9""",201,,,Mississippi,,,,,,,,,,,,,,nfl.com,2025-07-18 17:11:19.071812
Julius Brents,colts,CB,29.0,"7'5""",198,,,Kansas State,,,,,,,,,,,,,,nfl.com,2025-07-18 17:11:19.072279
Tanor Bortolini,colts,G,60.0,"7'6""",303,,,Wisconsin,,,,,,,,,,,,,,nfl.com,2025-07-18 17:11:19.072110
DeForest Buckner,colts,DT,99.0,"7'9""",295,,,Oregon,,,,,,,,,,,,,,nfl.com,2025-07-18 17:11:19.072563
Camryn Bynum,colts,SAF,,"7'2""",200,,,California,,,,,,,,,,,,,,nfl.com,2025-07-18 17:11:19.072974
Nick Cross,colts,SAF,20.0,"7'2""",212,,,Maryland,,,,,,,,,,,,,,nfl.com,2025-07-18 17:11:19.073503
Devonta Davis,colts,DT,,"7'5""",296,,,Florida Atlantic,,,,,,,,,,,,,,nfl.com,2025-07-18 17:11:19.073688
Josh Downs,colts,WR,1.0,"6'9""",171,,,North Carolina,,,,,,,,,,,,,,nfl.com,2025-07-18 17:11:19.074304
Jaylon Carlies,colts,LB,57.0,"7'5""",227,,,Missouri,,,,,,,,,,,,,,nfl.com,2025-07-18 17:11:19.073132
Ashton Dulin,colts,WR,16.0,"7'4""",215,,,Malone,,,,,,,,,,,,,,nfl.com,2025-07-18 17:11:19.075241
Samson Ebukam,colts,DE,52.0,"7'5""",245,,,Eastern Washington,,,,,,,,,,,,,,nfl.com,2025-07-18 17:11:19.075494
Solomon DeShields,colts,LB,,"7'5""",235,,,Texas A&M,,,,,,,,,,,,,,nfl.com,2025-07-18 17:11:19.074079
Johnathan Edwards,colts,DB,,"7'3""",200,,,Tulane,,,,,,,,,,,,,,nfl.com,2025-07-18 17:11:19.075974
Zaire Franklin,colts,OLB,44.0,"7'2""",235,,,Syracuse,,,,,,,,,,,,,,nfl.com,2025-07-18 17:11:19.076465
Wesley French,colts,C,62.0,"7'6""",307,,,Western Michigan,,,,,,,,,,,,,,nfl.com,2025-07-18 17:11:19.077147
Neville Gallimore,colts,DT,92.0,"7'4""",307,,,Oklahoma,,,,,,,,,,,,,,nfl.com,2025-07-18 17:11:19.077420
Marshall Foerner,colts,OT,64.0,"7'9""",305,,,Minnesota State,,,,,,,,,,,,,,nfl.com,2025-07-18 17:11:19.076294
DJ Giddens,colts,RB,21.0,"7'3""",212,,,Kansas State,,,,,,,,,,,,,,nfl.com,2025-07-18 17:11:19.077653
Blake Freeland,colts,OT,73.0,"7'9""",302,,,BYU,,,,,,,,,,,,,,nfl.com,2025-07-18 17:11:19.076884
Matt Goncalves,colts,OT,71.0,"7'8""",317,,,Pittsburgh,,,,,,,,,,,,,,nfl.com,2025-07-18 17:11:19.078286
Anthony Gould,colts,WR,6.0,"6'8""",174,,,Oregon State,,,,,,,,,,,,,,nfl.com,2025-07-18 17:11:19.078654
Khalil Herbert,colts,RB,26.0,"6'9""",212,,,Virginia Tech,,,,,,,,,,,,,,nfl.com,2025-07-18 17:11:19.078958
Alex Johnson,colts,CB,39.0,"7'2""",185,,,UCLA,,,,,,,,,,,,,,nfl.com,2025-07-18 17:11:19.079165
Tyler Kahmann,colts,WR,,"7'2""",207,,,Emporia State University,,,,,,,,,,,,,,nfl.com,2025-07-18 17:11:19.080459
Tyler Goodson,colts,RB,31.0,"6'9""",197,,,Iowa,,,,,,,,,,,,,,nfl.com,2025-07-18 17:11:19.078449
Daniel Jones,colts,QB,17.0,"7'7""",230,,,Duke,,,,,,,,,,,,,,nfl.com,2025-07-18 17:11:19.079862
Jaylon Jones,colts,CB,40.0,"7'4""",203,,,Texas A&M,,,,,,,,,,,,,,nfl.com,2025-07-18 17:11:19.080266
Eric Johnson,colts,DT,98.0,"7'6""",299,,,Missouri State,,,,,,,,,,,,,,nfl.com,2025-07-18 17:11:19.079582
Isaiah Land,colts,DE,55.0,"7'6""",235,,,Florida A&M,,,,,,,,,,,,,,nfl.com,2025-07-18 17:11:19.080703
Laiatu Latu,colts,DE,97.0,"7'7""",265,,,UCLA,,,,,,,,,,,,,,nfl.com,2025-07-18 17:11:19.080955
Riley Leonard,colts,QB,15.0,"7'5""",216,,,Notre Dame,,,,,,,,,,,,,,nfl.com,2025-07-18 17:11:19.081195
Tyquan Lewis,colts,DE,94.0,"7'5""",267,,,Ohio State,,,,,,,,,,,,,,nfl.com,2025-07-18 17:11:19.081449
Desmond Little,colts,DE,,"7'7""",240,,,UAB,,,,,,,,,,,,,,nfl.com,2025-07-18 17:11:19.081689
David Long,colts,CB,34.0,"7'1""",196,,,Michigan,,,,,,,,,,,,,,nfl.com,2025-07-18 17:11:19.081848
Will Mallory,colts,TE,86.0,"7'6""",239,,,Miami,,,,,,,,,,,,,,nfl.com,2025-07-18 17:11:19.082160
Maximilian Mang,colts,TE,,"7'9""",267,,,Syracuse,,,,,,,,,,,,,,nfl.com,2025-07-18 17:11:19.082374
Sean McKeon,colts,TE,49.0,"7'7""",255,,,Michigan,,,,,,,,,,,,,,nfl.com,2025-07-18 17:11:19.083116
Adonai Mitchell,colts,WR,10.0,"7'4""",205,,,Texas,,,,,,,,,,,,,,nfl.com,2025-07-18 17:11:19.083347
D.J. Montgomery,colts,WR,2.0,"7'3""",201,,,Austin Peay,,,,,,,,,,,,,,nfl.com,2025-07-18 17:11:19.083564
Kenny Moore II,colts,CB,23.0,"6'9""",190,,,Valdosta State,,,,,,,,,,,,,,nfl.com,2025-07-18 17:11:19.083793
Cameron McGrone,colts,LB,59.0,"7'3""",236,,,Michigan,,,,,,,,,,,,,,nfl.com,2025-07-18 17:11:19.082635
Durell Nchami,colts,DE,74.0,"7'6""",258,,,Maryland,,,,,,,,,,,,,,nfl.com,2025-07-18 17:11:19.084431
Quenton Nelson,colts,G,56.0,"7'7""",330,,,Notre Dame,,,,,,,,,,,,,,nfl.com,2025-07-18 17:11:19.084593
Andrew Ogletree,colts,TE,85.0,"7'7""",260,,,Youngstown State,,,,,,,,,,,,,,nfl.com,2025-07-18 17:11:19.084795
Albert Okwuegbunam,colts,TE,83.0,"7'7""",258,,,Missouri,,,,,,,,,,,,,,nfl.com,2025-07-18 17:11:19.085059
Coleman Owen,colts,WR,,"7'1""",191,,,Ohio,,,,,,,,,,,,,,nfl.com,2025-07-18 17:11:19.085452
Landon Parker,colts,WR,8.0,"7'5""",215,,,Troy,,,,,,,,,,,,,,nfl.com,2025-07-18 17:11:19.085662
Kwity Paye,colts,DE,51.0,"7'5""",265,,,Michigan,,,,,,,,,,,,,,nfl.com,2025-07-18 17:11:19.085994
Segun Olubi,colts,LB,50.0,"7'3""",233,,,San Diego State,,,,,,,,,,,,,,nfl.com,2025-07-18 17:11:19.085278
Alec Pierce,colts,WR,14.0,"7'5""",211,,,Cincinnati,,,,,,,,,,,,,,nfl.com,2025-07-18 17:11:19.086618
Danny Pinter,colts,C,63.0,"7'6""",301,,,Ball State,,,,,,,,,,,,,,nfl.com,2025-07-18 17:11:19.086855
Michael Pittman,colts,WR,11.0,"7'6""",223,,,USC,,,,,,,,,,,,,,nfl.com,2025-07-18 17:11:19.087127
Jacob Phillips,colts,LB,53.0,"7'5""",229,,,LSU,,,,,,,,,,,,,,nfl.com,2025-07-18 17:11:19.086257
Luke Rhodes,colts,LS,46.0,"7'4""",238,,,William & Mary,,,,,,,,,,,,,,nfl.com,2025-07-18 17:11:19.087873
Anthony Richardson,colts,QB,5.0,"7'6""",244,,,Florida,,,,,,,,,,,,,,nfl.com,2025-07-18 17:11:19.088197
Rigoberto Sanchez,colts,P,8.0,"7'2""",195,,,Hawaii,,,,,,,,,,,,,,nfl.com,2025-07-18 17:11:19.088371
Daniel Scott,colts,SAF,37.0,"7'3""",208,,,California,,,,,,,,,,,,,,nfl.com,2025-07-18 17:11:19.088559
Bernhard Raimann,colts,OT,79.0,"7'8""",303,,,Central Michigan,,,,,,,,,,,,,,nfl.com,2025-07-18 17:11:19.087602
Grover Stewart,colts,DT,90.0,"7'6""",315,,,Albany State (GA),,,,,,,,,,,,,,nfl.com,2025-07-18 17:11:19.089977
Josh Sills,colts,G,66.0,"7'8""",325,,,Oklahoma State,,,,,,,,,,,,,,nfl.com,2025-07-18 17:11:19.089293
Tim Smith,colts,DT,93.0,"7'6""",302,,,Alabama,,,,,,,,,,,,,,nfl.com,2025-07-18 17:11:19.089724
Spencer Shrader,colts,K,3.0,"7'4""",201,,,Notre Dame,,,,,,,,,,,,,,nfl.com,2025-07-18 17:11:19.089028
Blayne Taylor,colts,WR,,"7'5""",212,,,Abilene Christian,,,,,,,,,,,,,,nfl.com,2025-07-18 17:11:19.090207
Jonathan Taylor,colts,RB,28.0,"7'0""",226,,,Wisconsin,,,,,,,,,,,,,,nfl.com,2025-07-18 17:11:19.090464
Braden Smith,colts,OT,72.0,"7'8""",312,,,Auburn,,,,,,,,,,,,,,nfl.com,2025-07-18 17:11:19.089548
Ladarius Tennison,colts,SAF,43.0,"7'0""",200,,,UCF,,,,,,,,,,,,,,nfl.com,2025-07-18 17:11:19.090794
Rodney Thomas,colts,SAF,25.0,"7'3""",196,,,Yale,,,,,,,,,,,,,,nfl.com,2025-07-18 17:11:19.091449
Laquon Treadwell,colts,WR,13.0,"7'4""",215,,,Mississippi,,,,,,,,,,,,,,nfl.com,2025-07-18 17:11:19.091725
JT Tuimoloau,colts,DE,,"7'7""",269,,,Ohio State,,,,,,,,,,,,,,nfl.com,2025-07-18 17:11:19.094578
Mose Vavao,colts,C,67.0,"7'4""",305,,,Fresno State,,,,,,,,,,,,,,nfl.com,2025-07-18 17:11:19.094782
Maddux Trujillo,colts,K,48.0,"7'2""",172,,,Temple,,,,,,,,,,,,,,nfl.com,2025-07-18 17:11:19.092153
Charvarius Ward,colts,CB,7.0,"7'3""",196,,,Middle Tennessee State,,,,,,,,,,,,,,nfl.com,2025-07-18 17:11:19.095213
Tyler Warren,colts,TE,84.0,"7'7""",256,,,Penn State,,,,,,,,,,,,,,nfl.com,2025-07-18 17:11:19.095377
Luke Tenuta,colts,OT,67.0,"8'1""",315,,,Virginia Tech,,,,,,,,,,,,,,nfl.com,2025-07-18 17:11:19.091248
Trey Washington,colts,SAF,41.0,"7'0""",205,,,Mississippi,,,,,,,,,,,,,,nfl.com,2025-07-18 17:11:19.095523
Jalen Travis,colts,OT,75.0,"7'9""",340,,,Iowa State,,,,,,,,,,,,,,nfl.com,2025-07-18 17:11:19.091582
Dalton Tucker,colts,G,68.0,"7'8""",307,,,Marshall,,,,,,,,,,,,,,nfl.com,2025-07-18 17:11:19.092647
Justin Walley,colts,CB,27.0,"7'1""",190,,,Minnesota,,,,,,,,,,,,,,nfl.com,2025-07-18 17:11:19.095008
Hunter Wohler,colts,DB,30.0,"7'4""",213,,,Wisconsin,,,,,,,,,,,,,,nfl.com,2025-07-18 17:11:19.096229
Samuel Womack,colts,CB,33.0,"7'0""",189,,,Toledo,,,,,,,,,,,,,,nfl.com,2025-07-18 17:11:19.096481
Jelani Woods,colts,TE,80.0,"7'9""",253,,,Virginia,,,,,,,,,,,,,,nfl.com,2025-07-18 17:11:19.096644
Jack Wilson,colts,OT,76.0,"8'3""",310,,,Washington State,,,,,,,,,,,,,,nfl.com,2025-07-18 17:11:19.095845
Shawn Bowman,jaguars,TE,49.0,"7'6""",249,,,Rutgers,,,,,,,,,,,,,,nfl.com,2025-07-18 17:11:27.807834
Christian Braswell,jaguars,CB,21.0,"7'1""",185,,,Rutgers,,,,,,,,,,,,,,nfl.com,2025-07-18 17:11:27.808039
Chandler Brayboy,jaguars,WR,15.0,"7'3""",199,,,Elon,,,,,,,,,,,,,,nfl.com,2025-07-18 17:11:27.808224
Tank Bigsby,jaguars,RB,4.0,"7'1""",215,,,Auburn,,,,,,,,,,,,,,nfl.com,2025-07-18 17:11:27.807382
Montaric Brown,jaguars,CB,30.0,"7'2""",190,,,Arkansas,,,,,,,,,,,,,,nfl.com,2025-07-18 17:11:27.812572
Yasir Abdullah,jaguars,LB,56.0,"7'3""",240,,,Louisville,,,,,,,,,,,,,,nfl.com,2025-07-18 17:11:27.805992
Dyami Brown,jaguars,WR,5.0,"7'2""",195,,,North Carolina,,,,,,,,,,,,,,nfl.com,2025-07-18 17:11:27.808490
Arik Armstead,jaguars,DE,91.0,"7'9""",290,,,Oregon,,,,,,,,,,,,,,nfl.com,2025-07-18 17:11:27.807215
Josh Hines-Allen,jaguars,DE,41.0,"7'7""",255,,,Kentucky,,,,,,,,,,,,,,nfl.com,2025-07-18 17:11:27.806501
LeQuint Allen,jaguars,RB,36.0,"7'2""",201,,,Syracuse,,,,,,,,,,,,,,nfl.com,2025-07-18 17:11:27.806910
Tyson Campbell,jaguars,CB,3.0,"7'3""",195,,,Georgia,,,,,,,,,,,,,,nfl.com,2025-07-18 17:11:27.812851
Cam Camper,jaguars,WR,17.0,"7'5""",197,,,Boise State,,,,,,,,,,,,,,nfl.com,2025-07-18 17:11:27.813032
James Carpenter,jaguars,DT,99.0,"7'4""",288,,,Indiana,,,,,,,,,,,,,,nfl.com,2025-07-18 17:11:27.813205
Joshua Cephus,jaguars,WR,80.0,"7'4""",193,,,Texas-San Antonio,,,,,,,,,,,,,,nfl.com,2025-07-18 17:11:27.814374
Ezra Cleveland,jaguars,G,76.0,"7'8""",311,,,Boise State,,,,,,,,,,,,,,nfl.com,2025-07-18 17:11:27.814651
Myles Cole,jaguars,DE,59.0,"7'8""",278,,,Texas Tech,,,,,,,,,,,,,,nfl.com,2025-07-18 17:11:27.814743
Logan Cooke,jaguars,P,9.0,"7'7""",230,,,Mississippi State,,,,,,,,,,,,,,nfl.com,2025-07-18 17:11:27.815585
Ethan Downs,jaguars,DE,96.0,"7'6""",263,,,Oklahoma,,,,,,,,,,,,,,nfl.com,2025-07-18 17:11:27.816484
Dennis Daley,jaguars,OT,78.0,"7'8""",325,,,South Carolina,,,,,,,,,,,,,,nfl.com,2025-07-18 17:11:27.816195
John Copenhaver,jaguars,TE,43.0,"7'5""",240,,,North Carolina,,,,,,,,,,,,,,nfl.com,2025-07-18 17:11:27.815874
Chuma Edoga,jaguars,OT,55.0,"7'6""",315,,,USC,,,,,,,,,,,,,,nfl.com,2025-07-18 17:11:27.816883
Branson Combs,jaguars,LB,50.0,"7'5""",228,,,Wake Forest,,,,,,,,,,,,,,nfl.com,2025-07-18 17:11:27.815252
Travis Etienne,jaguars,RB,1.0,"7'0""",215,,,Clemson,,,,,,,,,,,,,,nfl.com,2025-07-18 17:11:27.817707
Luke Fortner,jaguars,C,79.0,"7'6""",307,,,Kentucky,,,,,,,,,,,,,,nfl.com,2025-07-18 17:11:27.818227
BJ Green II,jaguars,DE,95.0,"7'3""",270,,,Colorado,,,,,,,,,,,,,,nfl.com,2025-07-18 17:11:27.819122
Javon Foster,jaguars,OT,62.0,"7'7""",313,,,Missouri,,,,,,,,,,,,,,nfl.com,2025-07-18 17:11:27.818502
Dennis Gardeck,jaguars,LB,,"7'2""",232,,,Sioux Falls,,,,,,,,,,,,,,nfl.com,2025-07-18 17:11:27.818620
DaVon Hamilton,jaguars,DT,52.0,"7'6""",335,,,Ohio State,,,,,,,,,,,,,,nfl.com,2025-07-18 17:11:27.819879
Robert Hainsey,jaguars,OT,73.0,"7'6""",306,,,Notre Dame,,,,,,,,,,,,,,nfl.com,2025-07-18 17:11:27.819623
Anton Harrison,jaguars,OT,77.0,"7'7""",315,,,Oklahoma,,,,,,,,,,,,,,nfl.com,2025-07-18 17:11:27.820699
Seth Henigan,jaguars,QB,19.0,"7'5""",215,,,Memphis,,,,,,,,,,,,,,nfl.com,2025-07-18 17:11:27.821422
Patrick Herbert,jaguars,TE,47.0,"7'7""",255,,,Oregon,,,,,,,,,,,,,,nfl.com,2025-07-18 17:11:27.821742
Travis Hunter,jaguars,CB,12.0,"7'3""",185,,,Colorado,,,,,,,,,,,,,,nfl.com,2025-07-18 17:11:27.822508
Trenton Irwin,jaguars,WR,,"7'4""",204,,,Stanford,,,,,,,,,,,,,,nfl.com,2025-07-18 17:11:27.822782
JaQuinden Jackson,jaguars,RB,38.0,"7'4""",233,,,Arkansas,,,,,,,,,,,,,,nfl.com,2025-07-18 17:11:27.823099
Jordan Jefferson,jaguars,DT,98.0,"7'4""",316,,,LSU,,,,,,,,,,,,,,nfl.com,2025-07-18 17:11:27.823334
Cooper Hodges,jaguars,OT,75.0,"7'6""",305,,,Appalachian State,,,,,,,,,,,,,,nfl.com,2025-07-18 17:11:27.822166
Antonio Johnson,jaguars,SAF,26.0,"7'4""",198,,,Texas A&M,,,,,,,,,,,,,,nfl.com,2025-07-18 17:11:27.823990
Jarrian Jones,jaguars,CB,22.0,"7'1""",190,,,Florida State,,,,,,,,,,,,,,nfl.com,2025-07-18 17:11:27.824263
J.J. Jones,jaguars,WR,87.0,"7'4""",210,,,North Carolina,,,,,,,,,,,,,,nfl.com,2025-07-18 17:11:27.824471
Fred Johnson,jaguars,OT,74.0,"7'9""",326,,,Florida,,,,,,,,,,,,,,nfl.com,2025-07-18 17:11:27.823737
Tyler Lacy,jaguars,DE,93.0,"7'6""",279,,,Oklahoma State,,,,,,,,,,,,,,nfl.com,2025-07-18 17:11:27.825195
Rayuan Lane III,jaguars,SAF,25.0,"7'1""",197,,,Navy,,,,,,,,,,,,,,nfl.com,2025-07-18 17:11:27.825355
Darius Lassiter,jaguars,WR,88.0,"7'4""",205,,,BYU,,,,,,,,,,,,,,nfl.com,2025-07-18 17:11:27.825649
Jack Kiser,jaguars,LB,54.0,"7'4""",231,,,Notre Dame,,,,,,,,,,,,,,nfl.com,2025-07-18 17:11:27.824796
Trevor Lawrence,jaguars,QB,16.0,"7'8""",220,,,Clemson,,,,,,,,,,,,,,nfl.com,2025-07-18 17:11:27.826027
Jourdan Lewis,jaguars,CB,2.0,"7'0""",190,,,Michigan,,,,,,,,,,,,,,nfl.com,2025-07-18 17:11:27.826276
Cam Little,jaguars,K,39.0,"7'3""",172,,,Arkansas,,,,,,,,,,,,,,nfl.com,2025-07-18 17:11:27.826665
Hunter Long,jaguars,TE,84.0,"7'7""",243,,,Boston College,,,,,,,,,,,,,,nfl.com,2025-07-18 17:11:27.827426
Ross Matiscik,jaguars,LS,46.0,"7'2""",240,,,Baylor,,,,,,,,,,,,,,nfl.com,2025-07-18 17:11:27.827768
Walker Little,jaguars,OT,72.0,"7'9""",325,,,Stanford,,,,,,,,,,,,,,nfl.com,2025-07-18 17:11:27.827063
Devin Lloyd,jaguars,LB,,"7'5""",235,,,Utah,,,,,,,,,,,,,,nfl.com,2025-07-18 17:11:27.827213
Zech McPhearson,jaguars,CB,34.0,"7'1""",185,,,Texas Tech,,,,,,,,,,,,,,nfl.com,2025-07-18 17:11:27.828636
Jalen McLeod,jaguars,LB,53.0,"7'3""",241,,,Auburn,,,,,,,,,,,,,,nfl.com,2025-07-18 17:11:27.828052
Jonah Monheim,jaguars,C,60.0,"7'6""",302,,,USC,,,,,,,,,,,,,,nfl.com,2025-07-18 17:11:27.829811
Patrick Mekari,jaguars,OT,65.0,"7'6""",305,,,California,,,,,,,,,,,,,,nfl.com,2025-07-18 17:11:27.828947
Quintin Morris,jaguars,TE,45.0,"7'4""",252,,,Bowling Green,,,,,,,,,,,,,,nfl.com,2025-07-18 17:11:27.830386
Ventrell Miller,jaguars,LB,51.0,"7'2""",232,,,Florida,,,,,,,,,,,,,,nfl.com,2025-07-18 17:11:27.829277
Wyatt Milum,jaguars,OT,64.0,"7'8""",317,,,West Virginia,,,,,,,,,,,,,,nfl.com,2025-07-18 17:11:27.829518
Eli Mostaert,jaguars,DT,67.0,"7'5""",289,,,North Dakota State,,,,,,,,,,,,,,nfl.com,2025-07-18 17:11:27.830782
Jabbar Muhammad,jaguars,CB,37.0,"7'0""",185,,,Oregon,,,,,,,,,,,,,,nfl.com,2025-07-18 17:11:27.830954
Nick Mullens,jaguars,QB,12.0,"7'3""",210,,,Southern Mississippi,,,,,,,,,,,,,,nfl.com,2025-07-18 17:11:27.831205
Johnny Mundt,jaguars,TE,81.0,"7'6""",243,,,Oregon,,,,,,,,,,,,,,nfl.com,2025-07-18 17:11:27.831786
Eric Murray,jaguars,S,29.0,"7'1""",199,,,Minnesota,,,,,,,,,,,,,,nfl.com,2025-07-18 17:11:27.832128
Emmanuel Ogbah,jaguars,DE,90.0,"7'6""",275,,,Oklahoma State,,,,,,,,,,,,,,nfl.com,2025-07-18 17:11:27.832388
Chad Muma,jaguars,LB,48.0,"7'5""",239,,,Wyoming,,,,,,,,,,,,,,nfl.com,2025-07-18 17:11:27.831569
Eli Pancol,jaguars,WR,10.0,"7'5""",205,,,Duke,,,,,,,,,,,,,,nfl.com,2025-07-18 17:11:27.833238
Deantre Prince,jaguars,CB,24.0,"7'2""",183,,,Mississippi,,,,,,,,,,,,,,nfl.com,2025-07-18 17:11:27.833548
Caleb Ransaw,jaguars,CB,27.0,"7'1""",197,,,Tulane,,,,,,,,,,,,,,nfl.com,2025-07-18 17:11:27.833786
Foye Oluokun,jaguars,LB,23.0,"7'4""",229,,,Yale,,,,,,,,,,,,,,nfl.com,2025-07-18 17:11:27.832685
Louis Rees-Zammit,jaguars,WR,89.0,"7'4""",209,,,,,,,,,,,,,,,,,nfl.com,2025-07-18 17:11:27.834187
Keivie Rose,jaguars,DT,97.0,"7'5""",314,,,Arkansas,,,,,,,,,,,,,,nfl.com,2025-07-18 17:11:27.834368
Darnell Savage,jaguars,SAF,6.0,"7'1""",198,,,Maryland,,,,,,,,,,,,,,nfl.com,2025-07-18 17:11:27.834569
CamRon Silmon-Craig,jaguars,DB,32.0,"7'0""",185,,,Colorado,,,,,,,,,,,,,,nfl.com,2025-07-18 17:11:27.834804
Dorian Singer,jaguars,WR,13.0,"7'2""",180,,,Utah,,,,,,,,,,,,,,nfl.com,2025-07-18 17:11:27.835059
Doneiko Slaughter,jaguars,DB,35.0,"7'2""",190,,,Arkansas,,,,,,,,,,,,,,nfl.com,2025-07-18 17:11:27.835263
Maason Smith,jaguars,DT,94.0,"7'7""",306,,,LSU,,,,,,,,,,,,,,nfl.com,2025-07-18 17:11:27.835514
Dawuane Smoot,jaguars,DE,,"7'5""",264,,,Illinois,,,,,,,,,,,,,,nfl.com,2025-07-18 17:11:27.835855
Brenton Strange,jaguars,TE,85.0,"7'6""",253,,,Penn State,,,,,,,,,,,,,,nfl.com,2025-07-18 17:11:27.836132
Danny Striggow,jaguars,DE,92.0,"7'7""",255,,,Minnesota,,,,,,,,,,,,,,nfl.com,2025-07-18 17:11:27.836339
Daniel Thomas,jaguars,SAF,20.0,"7'0""",215,,,Auburn,,,,,,,,,,,,,,nfl.com,2025-07-18 17:11:27.836581
Brian Thomas Jr.,jaguars,WR,7.0,"7'4""",209,,,LSU,,,,,,,,,,,,,,nfl.com,2025-07-18 17:11:27.836753
Austin Trammell,jaguars,WR,86.0,"7'0""",185,,,Rice,,,,,,,,,,,,,,nfl.com,2025-07-18 17:11:27.837182
Bhayshul Tuten,jaguars,RB,33.0,"6'9""",209,,,Virginia Tech,,,,,,,,,,,,,,nfl.com,2025-07-18 17:11:27.837428
Cole Van Lanen,jaguars,G,70.0,"7'6""",312,,,Wisconsin,,,,,,,,,,,,,,nfl.com,2025-07-18 17:11:27.837622
Travon Walker,jaguars,DE,44.0,"7'7""",272,,,Georgia,,,,,,,,,,,,,,nfl.com,2025-07-18 17:11:27.837946
Parker Washington,jaguars,WR,11.0,"7'0""",204,,,Penn State,,,,,,,,,,,,,,nfl.com,2025-07-18 17:11:27.838174
Aydan White,jaguars,DB,40.0,"7'2""",189,,,N.C. State,,,,,,,,,,,,,,nfl.com,2025-07-18 17:11:27.838607
Andrew Wingard,jaguars,SAF,42.0,"7'2""",200,,,Wyoming,,,,,,,,,,,,,,nfl.com,2025-07-18 17:11:27.838861
John Wolford,jaguars,QB,18.0,"7'3""",200,,,Wake Forest,,,,,,,,,,,,,,nfl.com,2025-07-18 17:11:27.839143
Sal Wormley,jaguars,G,61.0,"7'5""",327,,,Penn State,,,,,,,,,,,,,,nfl.com,2025-07-18 17:11:27.839487
Felix Anudike-Uzomah,chiefs,DE,97.0,"7'6""",255,,,Kansas State,,,,,,,,,,,,,,nfl.com,2025-07-18 17:11:35.597277
Matt Araiza,chiefs,P,14.0,"7'4""",200,,,San Diego State,,,,,,,,,,,,,,nfl.com,2025-07-18 17:11:35.597516
Elijhah Badger,chiefs,WR,80.0,"7'3""",192,,,Florida,,,,,,,,,,,,,,nfl.com,2025-07-18 17:11:35.597779
Jake Briningstool,chiefs,TE,88.0,"7'8""",240,,,Clemson,,,,,,,,,,,,,,nfl.com,2025-07-18 17:11:35.598470
Marquise Brown,chiefs,WR,5.0,"6'9""",180,,,Oklahoma,,,,,,,,,,,,,,nfl.com,2025-07-18 17:11:35.599640
Jason Brownlee,chiefs,WR,89.0,"7'5""",202,,,Southern Mississippi,,,,,,,,,,,,,,nfl.com,2025-07-18 17:11:35.600073
Jeffrey Bassa,chiefs,LB,31.0,"7'4""",235,,,Oregon,,,,,,,,,,,,,,nfl.com,2025-07-18 17:11:35.598124
Nick Bolton,chiefs,LB,32.0,"7'1""",237,,,Missouri,,,,,,,,,,,,,,nfl.com,2025-07-18 17:11:35.598397
Harrison Butker,chiefs,K,7.0,"7'6""",205,,,Georgia Tech,,,,,,,,,,,,,,nfl.com,2025-07-18 17:11:35.601111
Mike Caliendo,chiefs,G,66.0,"7'6""",300,,,Western Michigan,,,,,,,,,,,,,,nfl.com,2025-07-18 17:11:35.601595
Deon Bush,chiefs,SAF,26.0,"7'2""",200,,,Miami,,,,,,,,,,,,,,nfl.com,2025-07-18 17:11:35.600702
Cole Christiansen,chiefs,LB,48.0,"7'3""",230,,,Army,,,,,,,,,,,,,,nfl.com,2025-07-18 17:11:35.602039
Leo Chenal,chiefs,LB,54.0,"7'5""",250,,,Wisconsin,,,,,,,,,,,,,,nfl.com,2025-07-18 17:11:35.601839
Bryan Cook,chiefs,SAF,6.0,"7'3""",206,,,Cincinnati,,,,,,,,,,,,,,nfl.com,2025-07-18 17:11:35.602957
Chamarri Conner,chiefs,DB,27.0,"7'2""",202,,,Virginia Tech,,,,,,,,,,,,,,nfl.com,2025-07-18 17:11:35.602561
Jack Cochrane,chiefs,LB,43.0,"7'5""",236,,,South Dakota,,,,,,,,,,,,,,nfl.com,2025-07-18 17:11:35.602389
Dalton Cooper,chiefs,OT,73.0,"7'9""",315,,,Oklahoma State,,,,,,,,,,,,,,nfl.com,2025-07-18 17:11:35.603567
Jacobe Covington,chiefs,CB,40.0,"7'4""",200,,,USC,,,,,,,,,,,,,,nfl.com,2025-07-18 17:11:35.604265
Mike Edwards,chiefs,SAF,34.0,"7'0""",205,,,Kentucky,,,,,,,,,,,,,,nfl.com,2025-07-18 17:11:35.605799
Mac Dalena,chiefs,WR,84.0,"7'1""",180,,,Fresno State,,,,,,,,,,,,,,nfl.com,2025-07-18 17:11:35.604800
Michael Danna,chiefs,DE,51.0,"7'4""",257,,,Michigan,,,,,,,,,,,,,,nfl.com,2025-07-18 17:11:35.605123
Kristian Fulton,chiefs,CB,8.0,"7'1""",197,,,LSU,,,,,,,,,,,,,,nfl.com,2025-07-18 17:11:35.606126
Ashton Gillotte,chiefs,DE,97.0,"7'5""",270,,,Louisville,,,,,,,,,,,,,,nfl.com,2025-07-18 17:11:35.606530
Ethan Driskell,chiefs,OT,75.0,"8'0""",313,,,Marshall,,,,,,,,,,,,,,nfl.com,2025-07-18 17:11:35.605555
Brandon George,chiefs,LB,50.0,"7'5""",240,,,Pittsburgh,,,,,,,,,,,,,,nfl.com,2025-07-18 17:11:35.606340
Noah Gray,chiefs,TE,83.0,"7'5""",240,,,Duke,,,,,,,,,,,,,,nfl.com,2025-07-18 17:11:35.607222
C.J. Hanson,chiefs,G,61.0,"7'7""",300,,,Holy Cross,,,,,,,,,,,,,,nfl.com,2025-07-18 17:11:35.607500
Chukwuebuka Godrick,chiefs,OT,72.0,"7'7""",293,,,,,,,,,,,,,,,,,nfl.com,2025-07-18 17:11:35.606894
Creed Humphrey,chiefs,C,52.0,"7'6""",302,,,Oklahoma,,,,,,,,,,,,,,nfl.com,2025-07-18 17:11:35.608679
Jaden Hicks,chiefs,SAF,21.0,"7'3""",215,,,Washington State,,,,,,,,,,,,,,nfl.com,2025-07-18 17:11:35.608176
Jimmy Holiday,chiefs,WR,,"7'3""",211,,,Louisiana Tech,,,,,,,,,,,,,,nfl.com,2025-07-18 17:11:35.608450
Malik Herring,chiefs,DE,94.0,"7'5""",275,,,Georgia,,,,,,,,,,,,,,nfl.com,2025-07-18 17:11:35.607864
Kareem Hunt,chiefs,RB,29.0,"7'1""",216,,,Toledo,,,,,,,,,,,,,,nfl.com,2025-07-18 17:11:35.608982
Keaontay Ingram,chiefs,RB,30.0,"7'2""",221,,,USC,,,,,,,,,,,,,,nfl.com,2025-07-18 17:11:35.609295
Coziah Izzard,chiefs,DT,93.0,"7'5""",305,,,Penn State,,,,,,,,,,,,,,nfl.com,2025-07-18 17:11:35.609776
Nazeeh Johnson,chiefs,SAF,13.0,"7'0""",199,,,Marshall,,,,,,,,,,,,,,nfl.com,2025-07-18 17:11:35.610191
Chris Jones,chiefs,DE,95.0,"7'8""",310,,,Mississippi State,,,,,,,,,,,,,,nfl.com,2025-07-18 17:11:35.610599
George Karlaftis,chiefs,DE,56.0,"7'6""",263,,,Purdue,,,,,,,,,,,,,,nfl.com,2025-07-18 17:11:35.611002
Travis Kelce,chiefs,TE,87.0,"7'7""",250,,,Cincinnati,,,,,,,,,,,,,,nfl.com,2025-07-18 17:11:35.611351
Cam Jones,chiefs,LB,44.0,"7'4""",227,,,Indiana,,,,,,,,,,,,,,nfl.com,2025-07-18 17:11:35.610426
Eddie Czaplicki,chiefs,P,47.0,"7'3""",207,,,USC,,,,,,,,,,,,,,nfl.com,2025-07-18 17:11:35.604519
Patrick Mahomes,chiefs,QB,15.0,"7'4""",225,,,Texas Tech,,,,,,,,,,,,,,nfl.com,2025-07-18 17:11:35.614096
Joey Lombard,chiefs,C,,"7'7""",305,,,South Dakota,,,,,,,,,,,,,,nfl.com,2025-07-18 17:11:35.613289
Fabien Lovett Sr.,chiefs,DT,96.0,"7'5""",316,,,Florida State,,,,,,,,,,,,,,nfl.com,2025-07-18 17:11:35.613684
Kevin Knowles,chiefs,DB,38.0,"7'1""",190,,,Florida State,,,,,,,,,,,,,,nfl.com,2025-07-18 17:11:35.611793
Elijah Mitchell,chiefs,RB,25.0,"7'0""",200,,,Louisiana-Lafayette,,,,,,,,,,,,,,nfl.com,2025-07-18 17:11:35.615852
Jaylon Moore,chiefs,OT,77.0,"7'6""",311,,,Western Michigan,,,,,,,,,,,,,,nfl.com,2025-07-18 17:11:35.616212
Skyy Moore,chiefs,WR,24.0,"7'0""",195,,,Western Michigan,,,,,,,,,,,,,,nfl.com,2025-07-18 17:11:35.616525
Wanya Morris,chiefs,OT,64.0,"7'8""",307,,,Oklahoma,,,,,,,,,,,,,,nfl.com,2025-07-18 17:11:35.616841
Omarr Norman-Lott,chiefs,DT,55.0,"7'5""",315,,,Tennessee,,,,,,,,,,,,,,nfl.com,2025-07-18 17:11:35.617192
Hunter Nourzad,chiefs,C,60.0,"7'5""",317,,,Penn State,,,,,,,,,,,,,,nfl.com,2025-07-18 17:11:35.617430
Chris Oladokun,chiefs,QB,19.0,"7'3""",213,,,South Dakota State,,,,,,,,,,,,,,nfl.com,2025-07-18 17:11:35.617768
Charles Omenihu,chiefs,DE,90.0,"7'7""",280,,,Texas,,,,,,,,,,,,,,nfl.com,2025-07-18 17:11:35.618046
Isiah Pacheco,chiefs,RB,10.0,"7'0""",216,,,Rutgers,,,,,,,,,,,,,,nfl.com,2025-07-18 17:11:35.618214
Mike Pennel,chiefs,DT,69.0,"7'6""",330,,,Colorado State (Pueblo),,,,,,,,,,,,,,nfl.com,2025-07-18 17:11:35.618430
Esa Pole,chiefs,OT,79.0,"7'9""",319,,,Washington State,,,,,,,,,,,,,,nfl.com,2025-07-18 17:11:35.618692
Nikko Remigio,chiefs,WR,81.0,"6'9""",187,,,Fresno State,,,,,,,,,,,,,,nfl.com,2025-07-18 17:11:35.619037
Rashee Rice,chiefs,WR,4.0,"7'3""",203,,,SMU,,,,,,,,,,,,,,nfl.com,2025-07-18 17:11:35.619202
Janarius Robinson,chiefs,DE,98.0,"7'7""",263,,,Florida State,,,,,,,,,,,,,,nfl.com,2025-07-18 17:11:35.619376
Christian Roland-Wallace,chiefs,CB,30.0,"7'1""",202,,,USC,,,,,,,,,,,,,,nfl.com,2025-07-18 17:11:35.619623
Jalen Royals,chiefs,WR,11.0,"7'2""",195,,,Utah State,,,,,,,,,,,,,,nfl.com,2025-07-18 17:11:35.619827
Darius Rush,chiefs,CB,46.0,"7'4""",198,,,South Carolina,,,,,,,,,,,,,,nfl.com,2025-07-18 17:11:35.620017
Eric Scott Jr.,chiefs,CB,29.0,"7'4""",202,,,Southern Mississippi,,,,,,,,,,,,,,nfl.com,2025-07-18 17:11:35.620276
Josh Simmons,chiefs,OT,71.0,"7'7""",310,,,Ohio State,,,,,,,,,,,,,,nfl.com,2025-07-18 17:11:35.620438
Brashard Smith,chiefs,RB,30.0,"7'0""",196,,,SMU,,,,,,,,,,,,,,nfl.com,2025-07-18 17:11:35.620875
Trey Smith,chiefs,G,65.0,"7'8""",321,,,Tennessee,,,,,,,,,,,,,,nfl.com,2025-07-18 17:11:35.621308
Melvin Smith Jr.,chiefs,DB,39.0,"7'3""",185,,,Southern Arkansas,,,,,,,,,,,,,,nfl.com,2025-07-18 17:11:35.621553
JuJu Smith-Schuster,chiefs,WR,9.0,"7'3""",215,,,USC,,,,,,,,,,,,,,nfl.com,2025-07-18 17:11:35.621876
GeorQuarius Spivey,chiefs,TE,,"7'7""",240,,,Mississippi State,,,,,,,,,,,,,,nfl.com,2025-07-18 17:11:35.622205
Carson Steele,chiefs,RB,42.0,"7'2""",228,,,UCLA,,,,,,,,,,,,,,nfl.com,2025-07-18 17:11:35.622434
Kingsley Suamataia,chiefs,OT,76.0,"7'6""",326,,,BYU,,,,,,,,,,,,,,nfl.com,2025-07-18 17:11:35.622657
Jawaan Taylor,chiefs,OT,74.0,"7'7""",330,,,Florida,,,,,,,,,,,,,,nfl.com,2025-07-18 17:11:35.623123
Trent McDuffie,chiefs,CB,22.0,"7'1""",193,,,Washington,,,,,,,,,,,,,,nfl.com,2025-07-18 17:11:35.614678
Glendon Miller,chiefs,SAF,25.0,"7'4""",206,,,Maryland,,,,,,,,,,,,,,nfl.com,2025-07-18 17:11:35.614904
Gardner Minshew,chiefs,QB,17.0,"7'3""",225,,,Washington State,,,,,,,,,,,,,,nfl.com,2025-07-18 17:11:35.615280
Tyquan Thornton,chiefs,WR,19.0,"7'4""",185,,,Baylor,,,,,,,,,,,,,,nfl.com,2025-07-18 17:11:35.624639
Cooper McDonald,chiefs,LB,,"7'5""",240,,,TCU,,,,,,,,,,,,,,nfl.com,2025-07-18 17:11:35.614397
Jerry Tillery,chiefs,DT,99.0,"7'8""",295,,,Notre Dame,,,,,,,,,,,,,,nfl.com,2025-07-18 17:11:35.624961
Robert Tonyan,chiefs,TE,85.0,"7'7""",240,,,Indiana State,,,,,,,,,,,,,,nfl.com,2025-07-18 17:11:35.625118
BJ Thompson,chiefs,DE,53.0,"7'8""",243,,,Stephen F. Austin State,,,,,,,,,,,,,,nfl.com,2025-07-18 17:11:35.623610
Marlon Tuipulotu,chiefs,DT,92.0,"7'4""",307,,,USC,,,,,,,,,,,,,,nfl.com,2025-07-18 17:11:35.626072
Jaylen Watson,chiefs,CB,35.0,"7'4""",197,,,Washington State,,,,,,,,,,,,,,nfl.com,2025-07-18 17:11:35.626333
Tre Watson,chiefs,TE,46.0,"7'7""",250,,,Texas A&M,,,,,,,,,,,,,,nfl.com,2025-07-18 17:11:35.626485
Jared Wiley,chiefs,TE,12.0,"7'8""",249,,,TCU,,,,,,,,,,,,,,nfl.com,2025-07-18 17:11:35.627350
Drue Tranquill,chiefs,LB,23.0,"7'4""",234,,,Notre Dame,,,,,,,,,,,,,,nfl.com,2025-07-18 17:11:35.625805
Joshua Williams,chiefs,CB,2.0,"7'5""",193,,,Fayetteville State University,,,,,,,,,,,,,,nfl.com,2025-07-18 17:11:35.627902
Major Williams,chiefs,SAF,,"7'3""",190,,,Carson Newman,,,,,,,,,,,,,,nfl.com,2025-07-18 17:11:35.628291
Nohl Williams,chiefs,CB,20.0,"7'3""",200,,,California,,,,,,,,,,,,,,nfl.com,2025-07-18 17:11:35.628587
James Winchester,chiefs,LS,41.0,"7'5""",209,,,Oklahoma,,,,,,,,,,,,,,nfl.com,2025-07-18 17:11:35.628840
Xavier Worthy,chiefs,WR,1.0,"7'1""",165,,,Texas,,,,,,,,,,,,,,nfl.com,2025-07-18 17:11:35.629104
Elijah Young,chiefs,RB,34.0,"7'0""",198,,,Western Kentucky,,,,,,,,,,,,,,nfl.com,2025-07-18 17:11:35.629458
Bailey Zappe,chiefs,QB,14.0,"7'3""",215,,,Western Kentucky,,,,,,,,,,,,,,nfl.com,2025-07-18 17:11:35.630254
Alex Bachman,raiders,WR,81.0,"7'2""",190,,,Wake Forest,,,,,,,,,,,,,,nfl.com,2025-07-18 17:11:44.924120
Gottlieb Ayedze,raiders,OT,72.0,"7'6""",309,,,Maryland,,,,,,,,,,,,,,nfl.com,2025-07-18 17:11:44.923618
Jack Bech,raiders,WR,18.0,"7'3""",214,,,TCU,,,,,,,,,,,,,,nfl.com,2025-07-18 17:11:44.925648
Jakorian Bennett,raiders,CB,,"7'1""",195,,,Maryland,,,,,,,,,,,,,,nfl.com,2025-07-18 17:11:44.925968
Michael Barrett,raiders,LB,43.0,"7'2""",230,,,Michigan,,,,,,,,,,,,,,nfl.com,2025-07-18 17:11:44.924712
Anthony Booker,raiders,DT,73.0,"7'5""",347,,,SMU,,,,,,,,,,,,,,nfl.com,2025-07-18 17:11:44.929327
Jacob Bobenmoyer,raiders,LS,50.0,"7'4""",235,,,Northern Colorado,,,,,,,,,,,,,,nfl.com,2025-07-18 17:11:44.927382
Adam Butler,raiders,DT,69.0,"7'7""",300,,,Vanderbilt,,,,,,,,,,,,,,nfl.com,2025-07-18 17:11:44.930125
Alex Cappa,raiders,G,65.0,"7'8""",310,,,Humboldt State,,,,,,,,,,,,,,nfl.com,2025-07-18 17:11:44.930302
Brock Bowers,raiders,TE,89.0,"7'6""",230,,,Georgia,,,,,,,,,,,,,,nfl.com,2025-07-18 17:11:44.929904
Daniel Carlson,raiders,K,8.0,"7'7""",215,,,Auburn,,,,,,,,,,,,,,nfl.com,2025-07-18 17:11:44.934811
Zachary Carter,raiders,DT,93.0,"7'6""",290,,,Florida,,,,,,,,,,,,,,nfl.com,2025-07-18 17:11:44.936773
Andre Carter II,raiders,DE,99.0,"7'8""",256,,,Army,,,,,,,,,,,,,,nfl.com,2025-07-18 17:11:44.937053
Hudson Clark,raiders,SAF,38.0,"7'3""",194,,,Arkansas,,,,,,,,,,,,,,nfl.com,2025-07-18 17:11:44.937544
Jeremy Chinn,raiders,SAF,11.0,"7'5""",220,,,Southern Illinois,,,,,,,,,,,,,,nfl.com,2025-07-18 17:11:44.937293
AJ Cole,raiders,P,6.0,"7'6""",220,,,N.C. State,,,,,,,,,,,,,,nfl.com,2025-07-18 17:11:44.938158
Chris Collier,raiders,RB,33.0,"7'1""",210,,,University of Lock Haven,,,,,,,,,,,,,,nfl.com,2025-07-18 17:11:44.938562
Pat Conroy,raiders,TE,86.0,"7'4""",240,,,Old Dominion,,,,,,,,,,,,,,nfl.com,2025-07-18 17:11:44.939250
Maxx Crosby,raiders,DE,98.0,"7'7""",255,,,Eastern Michigan,,,,,,,,,,,,,,nfl.com,2025-07-18 17:11:44.939559
Parker Clements,raiders,OT,70.0,"7'8""",295,,,Virginia Tech,,,,,,,,,,,,,,nfl.com,2025-07-18 17:11:44.937779
Mello Dotson,raiders,CB,35.0,"7'2""",192,,,Kansas,,,,,,,,,,,,,,nfl.com,2025-07-18 17:11:44.939890
Leki Fotu,raiders,DT,95.0,"7'7""",335,,,Utah,,,,,,,,,,,,,,nfl.com,2025-07-18 17:11:44.940396
Zakhari Franklin,raiders,WR,82.0,"7'3""",204,,,Illinois,,,,,,,,,,,,,,nfl.com,2025-07-18 17:11:44.940571
Tommy Eichenberg,raiders,LB,44.0,"7'4""",233,,,Ohio State,,,,,,,,,,,,,,nfl.com,2025-07-18 17:11:44.940240
Jahfari Harvey,raiders,DE,75.0,"7'4""",255,,,SMU,,,,,,,,,,,,,,nfl.com,2025-07-18 17:11:44.942174
Thomas Harper,raiders,SAF,34.0,"7'0""",195,,,Notre Dame,,,,,,,,,,,,,,nfl.com,2025-07-18 17:11:44.941633
Amari Gainer,raiders,LB,53.0,"7'5""",236,,,North Carolina,,,,,,,,,,,,,,nfl.com,2025-07-18 17:11:44.940814
DJ Glaze,raiders,OT,71.0,"7'6""",323,,,Maryland,,,,,,,,,,,,,,nfl.com,2025-07-18 17:11:44.940999
Tonka Hemingway,raiders,DT,97.0,"7'4""",284,,,South Carolina,,,,,,,,,,,,,,nfl.com,2025-07-18 17:11:44.942375
Darnay Holmes,raiders,CB,30.0,"7'0""",195,,,UCLA,,,,,,,,,,,,,,nfl.com,2025-07-18 17:11:44.942580
Jarrod Hufford,raiders,C,64.0,"7'5""",322,,,Iowa State,,,,,,,,,,,,,,nfl.com,2025-07-18 17:11:44.942796
John Humphrey,raiders,CB,39.0,"7'4""",193,,,USC,,,,,,,,,,,,,,nfl.com,2025-07-18 17:11:44.943178
Charles Grant,raiders,OT,60.0,"7'6""",309,,,William & Mary,,,,,,,,,,,,,,nfl.com,2025-07-18 17:11:44.941423
Qadir Ismail,raiders,TE,84.0,"7'8""",232,,,Samford,,,,,,,,,,,,,,nfl.com,2025-07-18 17:11:44.943493
Shedrick Jackson,raiders,WR,4.0,"7'3""",200,,,Auburn,,,,,,,,,,,,,,nfl.com,2025-07-18 17:11:44.943680
Ketron Jackson Jr.,raiders,WR,85.0,"7'3""",203,,,Baylor,,,,,,,,,,,,,,nfl.com,2025-07-18 17:11:44.944179
Ashton Jeanty,raiders,RB,2.0,"6'8""",211,,,Boise State,,,,,,,,,,,,,,nfl.com,2025-07-18 17:11:44.944415
Lonnie Johnson,raiders,SAF,32.0,"7'4""",213,,,Kentucky,,,,,,,,,,,,,,nfl.com,2025-07-18 17:11:44.944558
Collin Johnson,raiders,WR,17.0,"7'8""",222,,,Texas,,,,,,,,,,,,,,nfl.com,2025-07-18 17:11:44.945029
Dylan Laube,raiders,RB,23.0,"7'0""",206,,,New Hampshire,,,,,,,,,,,,,,nfl.com,2025-07-18 17:11:44.946530
Kyu Kelly,raiders,CB,36.0,"7'3""",185,,,Stanford,,,,,,,,,,,,,,nfl.com,2025-07-18 17:11:44.945782
Jah Joyner,raiders,DE,59.0,"7'6""",263,,,Minnesota,,,,,,,,,,,,,,nfl.com,2025-07-18 17:11:44.945551
Malcolm Koonce,raiders,DE,51.0,"7'5""",250,,,Buffalo,,,,,,,,,,,,,,nfl.com,2025-07-18 17:11:44.946263
Jonah Laulu,raiders,DT,96.0,"7'7""",292,,,Oklahoma,,,,,,,,,,,,,,nfl.com,2025-07-18 17:11:44.946810
Treven Maae,raiders,DT,68.0,"7'5""",277,,,Baylor,,,,,,,,,,,,,,nfl.com,2025-07-18 17:11:44.947386
Tommy Mellott,raiders,WR,19.0,"7'1""",200,,,Montana State,,,,,,,,,,,,,,nfl.com,2025-07-18 17:11:44.948468
Michael Mayer,raiders,TE,87.0,"7'6""",265,,,Notre Dame,,,,,,,,,,,,,,nfl.com,2025-07-18 17:11:44.947727
Sincere McCormick,raiders,RB,28.0,"6'9""",205,,,Texas-San Antonio,,,,,,,,,,,,,,nfl.com,2025-07-18 17:11:44.947952
Cody Lindenberg,raiders,LB,55.0,"7'4""",236,,,Minnesota,,,,,,,,,,,,,,nfl.com,2025-07-18 17:11:44.947108
Matt Jones,raiders,LB,42.0,"7'4""",236,,,Baylor,,,,,,,,,,,,,,nfl.com,2025-07-18 17:11:44.945350
Jordan Meredith,raiders,G,61.0,"7'4""",300,,,Western Kentucky,,,,,,,,,,,,,,nfl.com,2025-07-18 17:11:44.948754
Jakobi Meyers,raiders,WR,16.0,"7'4""",200,,,N.C. State,,,,,,,,,,,,,,nfl.com,2025-07-18 17:11:44.949101
Cam Miller,raiders,QB,5.0,"7'3""",215,,,North Dakota State,,,,,,,,,,,,,,nfl.com,2025-07-18 17:11:44.949345
Raheem Mostert,raiders,RB,31.0,"7'0""",195,,,Purdue,,,,,,,,,,,,,,nfl.com,2025-07-18 17:11:44.949855
Aidan OConnell,raiders,QB,12.0,"7'5""",210,,,Purdue,,,,,,,,,,,,,,nfl.com,2025-07-18 17:11:44.950407
Ovie Oghoufo,raiders,DE,90.0,"7'6""",250,,,LSU,,,,,,,,,,,,,,nfl.com,2025-07-18 17:11:44.950666
Kolton Miller,raiders,OT,74.0,"8'0""",325,,,UCLA,,,,,,,,,,,,,,nfl.com,2025-07-18 17:11:44.949660
Dylan Parham,raiders,G,66.0,"7'5""",285,,,Memphis,,,,,,,,,,,,,,nfl.com,2025-07-18 17:11:44.951111
Thayer Munford Jr.,raiders,OT,77.0,"7'8""",315,,,Ohio State,,,,,,,,,,,,,,nfl.com,2025-07-18 17:11:44.950237
JJ Pegues,raiders,DT,92.0,"7'4""",309,,,Mississippi,,,,,,,,,,,,,,nfl.com,2025-07-18 17:11:44.951571
Kyle Philips,raiders,WR,15.0,"7'1""",189,,,UCLA,,,,,,,,,,,,,,nfl.com,2025-07-18 17:11:44.951771
Isaiah Pola-Mao,raiders,SAF,20.0,"7'6""",205,,,USC,,,,,,,,,,,,,,nfl.com,2025-07-18 17:11:44.952075
Darien Porter,raiders,CB,26.0,"7'4""",195,,,Iowa State,,,,,,,,,,,,,,nfl.com,2025-07-18 17:11:44.952359
Jackson Powers-Johnson,raiders,C,58.0,"7'5""",328,,,Oregon,,,,,,,,,,,,,,nfl.com,2025-07-18 17:11:44.952659
Will Putnam,raiders,C,67.0,"7'6""",301,,,Clemson,,,,,,,,,,,,,,nfl.com,2025-07-18 17:11:44.953342
Decamerion Richardson,raiders,CB,25.0,"7'4""",188,,,Mississippi State,,,,,,,,,,,,,,nfl.com,2025-07-18 17:11:44.953591
Elandon Roberts,raiders,OLB,52.0,"7'1""",235,,,Houston,,,,,,,,,,,,,,nfl.com,2025-07-18 17:11:44.953778
Caleb Rogers,raiders,G,76.0,"7'6""",312,,,Texas Tech,,,,,,,,,,,,,,nfl.com,2025-07-18 17:11:44.954368
Germaine Pratt,raiders,LB,,"7'5""",250,,,N.C. State,,,,,,,,,,,,,,nfl.com,2025-07-18 17:11:44.953154
Carter Runyon,raiders,TE,46.0,"7'6""",243,,,Towson,,,,,,,,,,,,,,nfl.com,2025-07-18 17:11:44.954741
Justin Shorter,raiders,TE,88.0,"7'7""",228,,,Florida,,,,,,,,,,,,,,nfl.com,2025-07-18 17:11:44.955180
Geno Smith,raiders,QB,7.0,"7'5""",221,,,West Virginia,,,,,,,,,,,,,,nfl.com,2025-07-18 17:11:44.955415
Jaylon Smith,raiders,MLB,54.0,"7'4""",242,,,Notre Dame,,,,,,,,,,,,,,nfl.com,2025-07-18 17:11:44.955597
KeyShawn Smith,raiders,WR,83.0,"7'1""",187,,,SMU,,,,,,,,,,,,,,nfl.com,2025-07-18 17:11:44.956109
Chris Smith II,raiders,S,29.0,"7'1""",195,,,Georgia,,,,,,,,,,,,,,nfl.com,2025-07-18 17:11:44.956302
Charles Snowden,raiders,DE,49.0,"7'9""",245,,,Virginia,,,,,,,,,,,,,,nfl.com,2025-07-18 17:11:44.956616
Eric Stokes,raiders,CB,22.0,"7'2""",194,,,Georgia,,,,,,,,,,,,,,nfl.com,2025-07-18 17:11:44.956892
Trey Taylor,raiders,SAF,37.0,"7'2""",213,,,Air Force,,,,,,,,,,,,,,nfl.com,2025-07-18 17:11:44.957306
Laki Tasi,raiders,DE,79.0,"7'8""",348,,,,,,,,,,,,,,,,,nfl.com,2025-07-18 17:11:44.957099
Ian Thomas,raiders,TE,80.0,"7'6""",260,,,Indiana,,,,,,,,,,,,,,nfl.com,2025-07-18 17:11:44.957652
Donte Thornton Jr.,raiders,WR,10.0,"7'7""",205,,,Tennessee,,,,,,,,,,,,,,nfl.com,2025-07-18 17:11:44.958035
Tre Tucker,raiders,WR,1.0,"6'9""",185,,,Cincinnati,,,,,,,,,,,,,,nfl.com,2025-07-18 17:11:44.958373
Greedy Vance,raiders,CB,41.0,"6'9""",182,,,USC,,,,,,,,,,,,,,nfl.com,2025-07-18 17:11:44.958600
Sam Webb,raiders,CB,27.0,"7'4""",195,,,Missouri Western,,,,,,,,,,,,,,nfl.com,2025-07-18 17:11:44.959475
Zamir White,raiders,RB,3.0,"7'2""",215,,,Georgia,,,,,,,,,,,,,,nfl.com,2025-07-18 17:11:44.960087
Christian Wilkins,raiders,DT,94.0,"7'6""",310,,,Clemson,,,,,,,,,,,,,,nfl.com,2025-07-18 17:11:44.960592
Jailin Walker,raiders,LB,57.0,"7'3""",219,,,Indiana,,,,,,,,,,,,,,nfl.com,2025-07-18 17:11:44.959112
Dalton Wagner,raiders,OT,78.0,"8'0""",320,,,Arkansas,,,,,,,,,,,,,,nfl.com,2025-07-18 17:11:44.958861
Devin White,raiders,LB,45.0,"7'2""",237,,,LSU,,,,,,,,,,,,,,nfl.com,2025-07-18 17:11:44.959755
Tyree Wilson,raiders,DE,9.0,"7'8""",275,,,Texas Tech,,,,,,,,,,,,,,nfl.com,2025-07-18 17:11:44.961025
Jamaree Caldwell,chargers,DT,99.0,"7'3""",340,,,Oregon,,,,,,,,,,,,,,nfl.com,2025-07-18 17:11:53.873305
Derius Davis,chargers,WR,12.0,"6'8""",165,,,TCU,,,,,,,,,,,,,,nfl.com,2025-07-18 17:11:53.874411
Cameron Dicker,chargers,K,11.0,"7'3""",216,,,Texas,,,,,,,,,,,,,,nfl.com,2025-07-18 17:11:53.874543
McCallan Castles,chargers,TE,46.0,"7'7""",252,,,Tennessee,,,,,,,,,,,,,,nfl.com,2025-07-18 17:11:53.873621
Bud Dupree,chargers,OLB,48.0,"7'6""",269,,,Kentucky,,,,,,,,,,,,,,nfl.com,2025-07-18 17:11:53.874859
Tyler Conklin,chargers,TE,83.0,"7'5""",248,,,Central Michigan,,,,,,,,,,,,,,nfl.com,2025-07-18 17:11:53.874246
Junior Colson,chargers,LB,25.0,"7'5""",247,,,Michigan,,,,,,,,,,,,,,nfl.com,2025-07-18 17:11:53.873817
Trikweze Bridges,chargers,CB,31.0,"7'4""",200,,,Florida,,,,,,,,,,,,,,nfl.com,2025-07-18 17:11:53.872857
Joe Alt,chargers,OT,76.0,"8'0""",322,,,Notre Dame,,,,,,,,,,,,,,nfl.com,2025-07-18 17:11:53.871472
Will Dissly,chargers,TE,89.0,"7'6""",265,,,Washington,,,,,,,,,,,,,,nfl.com,2025-07-18 17:11:53.874707
Dalevon Campbell,chargers,WR,38.0,"7'6""",220,,,South Carolina,,,,,,,,,,,,,,nfl.com,2025-07-18 17:11:53.873475
Bradley Bozeman,chargers,C,75.0,"7'7""",325,,,Alabama,,,,,,,,,,,,,,nfl.com,2025-07-18 17:11:53.872673
Karsen Barnhart,chargers,G,61.0,"7'7""",316,,,Michigan,,,,,,,,,,,,,,nfl.com,2025-07-18 17:11:53.871987
Mekhi Becton,chargers,OT,73.0,"7'9""",363,,,Louisville,,,,,,,,,,,,,,nfl.com,2025-07-18 17:11:53.872400
Justin Eboigbe,chargers,DT,92.0,"7'7""",292,,,Alabama,,,,,,,,,,,,,,nfl.com,2025-07-18 17:11:53.875801
TeRah Edwards,chargers,DT,94.0,"7'4""",305,,,Illinois,,,,,,,,,,,,,,nfl.com,2025-07-18 17:11:53.875844
Elijah Ellis,chargers,OL,,"7'6""",336,,,Marshall,,,,,,,,,,,,,,nfl.com,2025-07-18 17:11:53.876074
Josh Fuga,chargers,DT,69.0,"7'4""",313,,,Virginia Tech,,,,,,,,,,,,,,nfl.com,2025-07-18 17:11:53.876838
Alohi Gilman,chargers,SAF,32.0,"7'0""",201,,,Notre Dame,,,,,,,,,,,,,,nfl.com,2025-07-18 17:11:53.877588
Dez Fitzpatrick,chargers,WR,87.0,"7'4""",208,,,Louisville,,,,,,,,,,,,,,nfl.com,2025-07-18 17:11:53.876515
Tucker Fisk,chargers,TE,42.0,"7'6""",285,,,Stanford,,,,,,,,,,,,,,nfl.com,2025-07-18 17:11:53.876260
Oronde Gadsden II,chargers,TE,86.0,"7'7""",236,,,Syracuse,,,,,,,,,,,,,,nfl.com,2025-07-18 17:11:53.877282
Luke Grimm,chargers,WR,37.0,"7'2""",190,,,Kansas,,,,,,,,,,,,,,nfl.com,2025-07-18 17:11:53.877765
Kylan Guidry,chargers,OLB,59.0,"7'6""",240,,,Western Kentucky,,,,,,,,,,,,,,nfl.com,2025-07-18 17:11:53.877939
Troy Dye,chargers,LB,43.0,"7'5""",225,,,Oregon,,,,,,,,,,,,,,nfl.com,2025-07-18 17:11:53.875734
Omarion Hampton,chargers,RB,8.0,"7'2""",220,,,North Carolina,,,,,,,,,,,,,,nfl.com,2025-07-18 17:11:53.878075
DaShawn Hand,chargers,DE,91.0,"7'5""",302,,,Alabama,,,,,,,,,,,,,,nfl.com,2025-07-18 17:11:53.878727
Josh Harris,chargers,LS,47.0,"7'3""",224,,,Auburn,,,,,,,,,,,,,,nfl.com,2025-07-18 17:11:53.879206
Najee Harris,chargers,RB,22.0,"7'3""",242,,,Alabama,,,,,,,,,,,,,,nfl.com,2025-07-18 17:11:53.879460
Cam Hart,chargers,CB,20.0,"7'4""",207,,,Notre Dame,,,,,,,,,,,,,,nfl.com,2025-07-18 17:11:53.880094
Tre Harris,chargers,WR,,"7'4""",205,,,Mississippi,,,,,,,,,,,,,,nfl.com,2025-07-18 17:11:53.879739
Hassan Haskins,chargers,RB,28.0,"7'4""",228,,,Michigan,,,,,,,,,,,,,,nfl.com,2025-07-18 17:11:53.880211
Taylor Heinicke,chargers,QB,4.0,"7'3""",210,,,Old Dominion,,,,,,,,,,,,,,nfl.com,2025-07-18 17:11:53.880363
Justin Herbert,chargers,QB,10.0,"7'8""",236,,,Oregon,,,,,,,,,,,,,,nfl.com,2025-07-18 17:11:53.880716
Donte Jackson,chargers,CB,26.0,"7'0""",180,,,LSU,,,,,,,,,,,,,,nfl.com,2025-07-18 17:11:53.885613
Andre James,chargers,C,78.0,"7'6""",300,,,UCLA,,,,,,,,,,,,,,nfl.com,2025-07-18 17:11:53.885822
Tony Jefferson,chargers,S,23.0,"7'1""",211,,,Oklahoma,,,,,,,,,,,,,,nfl.com,2025-07-18 17:11:53.887022
Derwin James,chargers,FS,3.0,"7'4""",215,,,Florida State,,,,,,,,,,,,,,nfl.com,2025-07-18 17:11:53.886129
Zion Johnson,chargers,G,77.0,"7'5""",316,,,Boston College,,,,,,,,,,,,,,nfl.com,2025-07-18 17:11:53.887981
Emany Johnson,chargers,SAF,38.0,"7'4""",218,,,Nevada,,,,,,,,,,,,,,nfl.com,2025-07-18 17:11:53.887339
Quentin Johnston,chargers,WR,1.0,"7'4""",208,,,TCU,,,,,,,,,,,,,,nfl.com,2025-07-18 17:11:53.888268
Daiyan Henley,chargers,LB,,"7'3""",225,,,Washington State,,,,,,,,,,,,,,nfl.com,2025-07-18 17:11:53.880520
Jaylen Jones,chargers,SAF,35.0,"7'3""",203,,,Virginia Tech,,,,,,,,,,,,,,nfl.com,2025-07-18 17:11:53.888482
Christopher Hinton,chargers,DL,98.0,"7'6""",310,,,Michigan,,,,,,,,,,,,,,nfl.com,2025-07-18 17:11:53.883226
Jaylen Johnson,chargers,WR,39.0,"7'4""",194,,,East Carolina,,,,,,,,,,,,,,nfl.com,2025-07-18 17:11:53.887660
Naquan Jones,chargers,DT,96.0,"7'5""",313,,,Michigan State,,,,,,,,,,,,,,nfl.com,2025-07-18 17:11:53.888878
Nash Jones,chargers,G,62.0,"7'7""",320,,,Texas State-San Marcos,,,,,,,,,,,,,,nfl.com,2025-07-18 17:11:53.889120
Josh Kaltenberger,chargers,C,63.0,"7'8""",308,,,Maryland,,,,,,,,,,,,,,nfl.com,2025-07-18 17:11:53.889405
Stevo Klotz,chargers,TE,41.0,"7'6""",260,,,Iowa State,,,,,,,,,,,,,,nfl.com,2025-07-18 17:11:53.890192
KeAndre Lambert-Smith,chargers,WR,84.0,"7'3""",182,,,Auburn,,,,,,,,,,,,,,nfl.com,2025-07-18 17:11:53.890429
Trey Lance,chargers,QB,5.0,"7'6""",226,,,North Dakota State,,,,,,,,,,,,,,nfl.com,2025-07-18 17:11:53.891070
Deane Leonard,chargers,CB,33.0,"7'2""",195,,,Mississippi,,,,,,,,,,,,,,nfl.com,2025-07-18 17:11:53.891260
Kyle Kennard,chargers,LB,54.0,"7'7""",254,,,South Carolina,,,,,,,,,,,,,,nfl.com,2025-07-18 17:11:53.889790
Khalil Mack,chargers,OLB,52.0,"7'5""",269,,,Buffalo,,,,,,,,,,,,,,nfl.com,2025-07-18 17:11:53.892011
Scott Matlock,chargers,DT,44.0,"7'6""",296,,,Boise State,,,,,,,,,,,,,,nfl.com,2025-07-18 17:11:53.892546
Kanai Mauga,chargers,ILB,56.0,"7'4""",245,,,USC,,,,,,,,,,,,,,nfl.com,2025-07-18 17:11:53.892767
Ladd McConkey,chargers,WR,15.0,"7'2""",185,,,Georgia,,,,,,,,,,,,,,nfl.com,2025-07-18 17:11:53.893064
Elijah Molden,chargers,CB,2.0,"7'0""",191,,,Washington,,,,,,,,,,,,,,nfl.com,2025-07-18 17:11:53.893510
R.J. Mickens,chargers,SAF,41.0,"7'2""",210,,,Clemson,,,,,,,,,,,,,,nfl.com,2025-07-18 17:11:53.893272
Caleb Murphy,chargers,LB,50.0,"7'5""",254,,,Ferris State,,,,,,,,,,,,,,nfl.com,2025-07-18 17:11:53.893997
Jaret Patterson,chargers,RB,34.0,"6'8""",195,,,Buffalo,,,,,,,,,,,,,,nfl.com,2025-07-18 17:11:53.895410
TreMon Morris-Brash,chargers,LB,57.0,"7'4""",245,,,UCF,,,,,,,,,,,,,,nfl.com,2025-07-18 17:11:53.893753
Jordan Oladokun,chargers,CB,37.0,"7'2""",190,,,Bowling Green,,,,,,,,,,,,,,nfl.com,2025-07-18 17:11:53.895016
Ryan Nelson,chargers,OT,,"7'8""",325,,,Virginia,,,,,,,,,,,,,,nfl.com,2025-07-18 17:11:53.894262
Otito Ogbonnia,chargers,DT,93.0,"7'6""",320,,,UCLA,,,,,,,,,,,,,,nfl.com,2025-07-18 17:11:53.894642
Denzel Perryman,chargers,MLB,6.0,"7'1""",240,,,Miami,,,,,,,,,,,,,,nfl.com,2025-07-18 17:11:53.895743
Jordan Petaia,chargers,TE,49.0,"7'5""",227,,,,,,,,,,,,,,,,,nfl.com,2025-07-18 17:11:53.895889
Myles Purchase,chargers,CB,49.0,"7'1""",205,,,Iowa State,,,,,,,,,,,,,,nfl.com,2025-07-18 17:11:53.896645
Jalen Reagor,chargers,WR,88.0,"7'1""",197,,,TCU,,,,,,,,,,,,,,nfl.com,2025-07-18 17:11:53.897233
DelShawn Phillips,chargers,LB,53.0,"7'4""",230,,,Illinois,,,,,,,,,,,,,,nfl.com,2025-07-18 17:11:53.896129
Trey Pipkins,chargers,OT,79.0,"7'8""",307,,,Sioux Falls,,,,,,,,,,,,,,nfl.com,2025-07-18 17:11:53.896434
Nikko Reed,chargers,CB,46.0,"7'0""",180,,,Oregon,,,,,,,,,,,,,,nfl.com,2025-07-18 17:11:53.897731
Garmon Randolph,chargers,LB,97.0,"8'0""",260,,,Baylor,,,,,,,,,,,,,,nfl.com,2025-07-18 17:11:53.896873
Brenden Rice,chargers,WR,82.0,"7'5""",210,,,USC,,,,,,,,,,,,,,nfl.com,2025-07-18 17:11:53.898204
Eric Rogers,chargers,CB,39.0,"7'4""",189,,,Rutgers,,,,,,,,,,,,,,nfl.com,2025-07-18 17:11:53.898474
Jamaree Salyer,chargers,G,68.0,"7'6""",325,,,Georgia,,,,,,,,,,,,,,nfl.com,2025-07-18 17:11:53.898768
Raheim Sanders,chargers,RB,35.0,"7'2""",230,,,South Carolina,,,,,,,,,,,,,,nfl.com,2025-07-18 17:11:53.898983
J.K. Scott,chargers,P,16.0,"7'7""",208,,,Alabama,,,,,,,,,,,,,,nfl.com,2025-07-18 17:11:53.899307
Tarheeb Still,chargers,CB,29.0,"7'3""",196,,,Maryland,,,,,,,,,,,,,,nfl.com,2025-07-18 17:11:53.899973
Branson Taylor,chargers,G,71.0,"7'8""",330,,,Pittsburgh,,,,,,,,,,,,,,nfl.com,2025-07-18 17:11:53.901226
Teair Tart,chargers,DT,90.0,"7'4""",315,,,Florida International,,,,,,,,,,,,,,nfl.com,2025-07-18 17:11:53.900622
Rashawn Slater,chargers,OT,70.0,"7'6""",315,,,Northwestern,,,,,,,,,,,,,,nfl.com,2025-07-18 17:11:53.899438
Corey Stewart,chargers,OT,65.0,"7'8""",318,,,Purdue,,,,,,,,,,,,,,nfl.com,2025-07-18 17:11:53.899680
JaSir Taylor,chargers,CB,36.0,"7'0""",185,,,Wake Forest,,,,,,,,,,,,,,nfl.com,2025-07-18 17:11:53.901436
Benjamin St-Juste,chargers,CB,24.0,"7'5""",200,,,Minnesota,,,,,,,,,,,,,,nfl.com,2025-07-18 17:11:53.900247
DJ Uiagalelei,chargers,QB,13.0,"7'6""",252,,,Florida State,,,,,,,,,,,,,,nfl.com,2025-07-18 17:11:53.902125
Kimani Vidal,chargers,RB,30.0,"6'8""",215,,,Troy,,,,,,,,,,,,,,nfl.com,2025-07-18 17:11:53.902291
Tuli Tuipulotu,chargers,LB,45.0,"7'5""",266,,,USC,,,,,,,,,,,,,,nfl.com,2025-07-18 17:11:53.901701
Mike Williams,chargers,WR,81.0,"7'6""",218,,,Clemson,,,,,,,,,,,,,,nfl.com,2025-07-18 17:11:53.903378
Kendall Williamson,chargers,SAF,40.0,"7'2""",203,,,Stanford,,,,,,,,,,,,,,nfl.com,2025-07-18 17:11:53.903532
Savion Washington,chargers,OT,67.0,"8'1""",340,,,Syracuse,,,,,,,,,,,,,,nfl.com,2025-07-18 17:11:53.902467
Marlowe Wax,chargers,LB,58.0,"7'6""",240,,,Syracuse,,,,,,,,,,,,,,nfl.com,2025-07-18 17:11:53.903045
Davis Allen,rams,TE,87.0,"7'8""",251,,,Clemson,,,,,,,,,,,,,,nfl.com,2025-07-18 17:12:03.082531
Davante Adams,rams,WR,17.0,"7'3""",215,,,Fresno State,,,,,,,,,,,,,,nfl.com,2025-07-18 17:12:03.082106
Tutu Atwell,rams,WR,5.0,"6'9""",165,,,Louisville,,,,,,,,,,,,,,nfl.com,2025-07-18 17:12:03.083185
Steve Avila,rams,G,73.0,"7'5""",338,,,TCU,,,,,,,,,,,,,,nfl.com,2025-07-18 17:12:03.083422
Stetson Bennett,rams,QB,13.0,"7'1""",190,,,Georgia,,,,,,,,,,,,,,nfl.com,2025-07-18 17:12:03.083611
A.J. Arcuri,rams,OT,61.0,"7'9""",308,,,Michigan State,,,,,,,,,,,,,,nfl.com,2025-07-18 17:12:03.082824
Wyatt Bowles,rams,G,60.0,"7'7""",300,,,Utah State,,,,,,,,,,,,,,nfl.com,2025-07-18 17:12:03.085096
Blake Corum,rams,RB,22.0,"6'8""",210,,,Michigan,,,,,,,,,,,,,,nfl.com,2025-07-18 17:12:03.085204
Britain Covey,rams,WR,10.0,"6'8""",173,,,Utah,,,,,,,,,,,,,,nfl.com,2025-07-18 17:12:03.085472
Kam Curl,rams,SAF,3.0,"7'4""",205,,,Arkansas,,,,,,,,,,,,,,nfl.com,2025-07-18 17:12:03.085723
Tyler Davis,rams,DT,90.0,"7'4""",300,,,Clemson,,,,,,,,,,,,,,nfl.com,2025-07-18 17:12:03.085885
Justin Dedich,rams,OL,67.0,"7'4""",300,,,USC,,,,,,,,,,,,,,nfl.com,2025-07-18 17:12:03.086141
Malik Dixon-Williams,rams,SAF,39.0,"7'3""",200,,,Connecticut,,,,,,,,,,,,,,nfl.com,2025-07-18 17:12:03.086466
Shaun Dolac,rams,LB,56.0,"7'3""",225,,,Buffalo,,,,,,,,,,,,,,nfl.com,2025-07-18 17:12:03.086727
Kevin Dotson,rams,G,69.0,"7'6""",330,,,Louisiana-Lafayette,,,,,,,,,,,,,,nfl.com,2025-07-18 17:12:03.087227
Cobie Durant,rams,CB,14.0,"7'1""",182,,,South Carolina State,,,,,,,,,,,,,,nfl.com,2025-07-18 17:12:03.087526
Tru Edwards,rams,WR,82.0,"7'5""",201,,,Louisiana Tech,,,,,,,,,,,,,,nfl.com,2025-07-18 17:12:03.087777
Ethan Evans,rams,P,42.0,"7'5""",250,,,Wingate,,,,,,,,,,,,,,nfl.com,2025-07-18 17:12:03.090737
Terrance Ferguson,rams,TE,,"7'7""",255,,,Oregon,,,,,,,,,,,,,,nfl.com,2025-07-18 17:12:03.091121
Braden Fiske,rams,DT,55.0,"7'7""",291,,,Florida State,,,,,,,,,,,,,,nfl.com,2025-07-18 17:12:03.091734
Emmanuel Forbes,rams,CB,25.0,"7'2""",180,,,Mississippi State,,,,,,,,,,,,,,nfl.com,2025-07-18 17:12:03.092202
Ben Dooley,rams,OT,66.0,"7'7""",320,,,Boise State,,,,,,,,,,,,,,nfl.com,2025-07-18 17:12:03.086984
Poona Ford,rams,DT,95.0,"7'1""",310,,,Texas,,,,,,,,,,,,,,nfl.com,2025-07-18 17:12:03.092542
Tony Fields II,rams,LB,40.0,"7'2""",222,,,West Virginia,,,,,,,,,,,,,,nfl.com,2025-07-18 17:12:03.091452
Jimmy Garoppolo,rams,QB,11.0,"7'4""",225,,,Eastern Illinois,,,,,,,,,,,,,,nfl.com,2025-07-18 17:12:03.093383
A.J. Green,rams,CB,27.0,"7'4""",198,,,Oklahoma State,,,,,,,,,,,,,,nfl.com,2025-07-18 17:12:03.093622
Ty Hamilton,rams,DT,57.0,"7'4""",299,,,Ohio State,,,,,,,,,,,,,,nfl.com,2025-07-18 17:12:03.094056
Decarius Hawthorne,rams,DT,,"7'4""",290,,,South Florida Community College,,,,,,,,,,,,,,nfl.com,2025-07-18 17:12:03.095162
Jack Heflin,rams,DT,93.0,"7'5""",304,,,Iowa,,,,,,,,,,,,,,nfl.com,2025-07-18 17:12:03.095397
Tyler Higbee,rams,TE,89.0,"7'8""",255,,,Western Kentucky,,,,,,,,,,,,,,nfl.com,2025-07-18 17:12:03.095869
Nick Hampton,rams,LB,31.0,"7'5""",250,,,Appalachian State,,,,,,,,,,,,,,nfl.com,2025-07-18 17:12:03.094449
Rob Havenstein,rams,OT,79.0,"8'0""",323,,,Wisconsin,,,,,,,,,,,,,,nfl.com,2025-07-18 17:12:03.094816
Jarquez Hunter,rams,RB,35.0,"7'0""",212,,,Auburn,,,,,,,,,,,,,,nfl.com,2025-07-18 17:12:03.097272
Tanner Ingle,rams,SAF,34.0,"6'8""",195,,,N.C. State,,,,,,,,,,,,,,nfl.com,2025-07-18 17:12:03.097597
D.J. Humphries,rams,OT,,"7'7""",307,,,Florida,,,,,,,,,,,,,,nfl.com,2025-07-18 17:12:03.096821
Desjuan Johnson,rams,DE,94.0,"7'5""",280,,,Toledo,,,,,,,,,,,,,,nfl.com,2025-07-18 17:12:03.098664
Shaun Jolly,rams,DB,38.0,"6'9""",186,,,Appalachian State,,,,,,,,,,,,,,nfl.com,2025-07-18 17:12:03.098965
Alaric Jackson,rams,OT,77.0,"7'9""",345,,,Iowa,,,,,,,,,,,,,,nfl.com,2025-07-18 17:12:03.097785
Brennan Jackson,rams,LB,44.0,"7'6""",263,,,Washington State,,,,,,,,,,,,,,nfl.com,2025-07-18 17:12:03.098085
Joshua Karty,rams,K,16.0,"7'4""",208,,,Stanford,,,,,,,,,,,,,,nfl.com,2025-07-18 17:12:03.100024
Derion Kendrick,rams,CB,1.0,"7'2""",199,,,Georgia,,,,,,,,,,,,,,nfl.com,2025-07-18 17:12:03.100250
Kamren Kinchens,rams,SAF,26.0,"7'1""",207,,,Miami,,,,,,,,,,,,,,nfl.com,2025-07-18 17:12:03.100637
Quentin Lake,rams,SAF,37.0,"7'3""",196,,,UCLA,,,,,,,,,,,,,,nfl.com,2025-07-18 17:12:03.100812
Cam Lampkin,rams,DB,33.0,"7'1""",176,,,Washington State,,,,,,,,,,,,,,nfl.com,2025-07-18 17:12:03.101039
Willie Lampkin,rams,G,62.0,"7'1""",290,,,North Carolina,,,,,,,,,,,,,,nfl.com,2025-07-18 17:12:03.101308
Nate Landman,rams,LB,53.0,"7'5""",235,,,Colorado,,,,,,,,,,,,,,nfl.com,2025-07-18 17:12:03.101539
Beaux Limmer,rams,G,50.0,"7'7""",312,,,Arkansas,,,,,,,,,,,,,,nfl.com,2025-07-18 17:12:03.105390
Jaylen McCollough,rams,DB,2.0,"7'2""",202,,,Tennessee,,,,,,,,,,,,,,nfl.com,2025-07-18 17:12:03.106145
KT Leveston,rams,OL,70.0,"7'6""",337,,,Kansas State,,,,,,,,,,,,,,nfl.com,2025-07-18 17:12:03.101834
Dylan McMahon,rams,C,63.0,"7'5""",298,,,N.C. State,,,,,,,,,,,,,,nfl.com,2025-07-18 17:12:03.106483
Warren McClendon Jr.,rams,OT,71.0,"7'6""",317,,,Georgia,,,,,,,,,,,,,,nfl.com,2025-07-18 17:12:03.105874
Konata Mumpfield,rams,WR,15.0,"7'1""",185,,,Pittsburgh,,,,,,,,,,,,,,nfl.com,2025-07-18 17:12:03.108666
Larrell Murchison,rams,DT,52.0,"7'4""",285,,,N.C. State,,,,,,,,,,,,,,nfl.com,2025-07-18 17:12:03.109091
Puka Nacua,rams,WR,12.0,"7'4""",212,,,BYU,,,,,,,,,,,,,,nfl.com,2025-07-18 17:12:03.109440
Jamil Muhammad,rams,LB,45.0,"7'3""",260,,,USC,,,,,,,,,,,,,,nfl.com,2025-07-18 17:12:03.107363
Bill Norton,rams,DE,97.0,"7'8""",335,,,Texas,,,,,,,,,,,,,,nfl.com,2025-07-18 17:12:03.110253
Colby Parkinson,rams,TE,84.0,"7'9""",265,,,Stanford,,,,,,,,,,,,,,nfl.com,2025-07-18 17:12:03.110723
Josh Pearcy,rams,OLB,59.0,"7'4""",245,,,Rice,,,,,,,,,,,,,,nfl.com,2025-07-18 17:12:03.111499
Elias Neal,rams,LB,58.0,"7'2""",226,,,Marshall,,,,,,,,,,,,,,nfl.com,2025-07-18 17:12:03.110014
Brennan Presley,rams,WR,81.0,"6'8""",170,,,Oklahoma State,,,,,,,,,,,,,,nfl.com,2025-07-18 17:12:03.112021
Mark Redman,rams,TE,83.0,"7'7""",255,,,Louisville,,,,,,,,,,,,,,nfl.com,2025-07-18 17:12:03.112441
Ronnie Rivers,rams,RB,20.0,"6'9""",192,,,Fresno State,,,,,,,,,,,,,,nfl.com,2025-07-18 17:12:03.113534
David Quessenberry,rams,OT,76.0,"7'7""",310,,,San Jose State,,,,,,,,,,,,,,nfl.com,2025-07-18 17:12:03.112205
Cody Schrader,rams,RB,32.0,"6'9""",214,,,Missouri,,,,,,,,,,,,,,nfl.com,2025-07-18 17:12:03.114160
Troy Reeder,rams,LB,51.0,"7'5""",236,,,Delaware,,,,,,,,,,,,,,nfl.com,2025-07-18 17:12:03.112885
Coleman Shelton,rams,C,65.0,"7'7""",285,,,Washington,,,,,,,,,,,,,,nfl.com,2025-07-18 17:12:03.114693
Xavier Smith,rams,WR,19.0,"6'9""",174,,,Florida A&M,,,,,,,,,,,,,,nfl.com,2025-07-18 17:12:03.114958
Drake Stoops,rams,WR,6.0,"7'0""",189,,,Oklahoma,,,,,,,,,,,,,,nfl.com,2025-07-18 17:12:03.116441
Matthew Stafford,rams,QB,9.0,"7'5""",214,,,Georgia,,,,,,,,,,,,,,nfl.com,2025-07-18 17:12:03.115627
Pooh Paul Jr.,rams,LB,54.0,"7'2""",222,,,Mississippi,,,,,,,,,,,,,,nfl.com,2025-07-18 17:12:03.111099
DaJon Terry,rams,DE,98.0,"7'5""",330,,,Oklahoma,,,,,,,,,,,,,,nfl.com,2025-07-18 17:12:03.116722
Anthony Torres,rams,TE,46.0,"7'8""",250,,,Toledo,,,,,,,,,,,,,,nfl.com,2025-07-18 17:12:03.117389
Josaiah Stewart,rams,LB,41.0,"7'3""",249,,,Michigan,,,,,,,,,,,,,,nfl.com,2025-07-18 17:12:03.116211
Omar Speights,rams,LB,48.0,"7'3""",228,,,LSU,,,,,,,,,,,,,,nfl.com,2025-07-18 17:12:03.115271
Keir Thomas,rams,LB,96.0,"7'4""",260,,,Florida State,,,,,,,,,,,,,,nfl.com,2025-07-18 17:12:03.117122
Nate Valcarcel,rams,SAF,43.0,"7'3""",192,,,Northern Illinois,,,,,,,,,,,,,,nfl.com,2025-07-18 17:12:03.118731
Josh Wallace,rams,CB,30.0,"7'2""",190,,,Michigan,,,,,,,,,,,,,,nfl.com,2025-07-18 17:12:03.119448
Jared Verse,rams,LB,8.0,"7'6""",260,,,Florida State,,,,,,,,,,,,,,nfl.com,2025-07-18 17:12:03.119209
Alex Ward,rams,LS,47.0,"7'6""",240,,,UCF,,,,,,,,,,,,,,nfl.com,2025-07-18 17:12:03.119860
Jordan Waters,rams,RB,36.0,"7'2""",215,,,N.C. State,,,,,,,,,,,,,,nfl.com,2025-07-18 17:12:03.120248
Kobie Turner,rams,DL,91.0,"7'4""",297,,,Wake Forest,,,,,,,,,,,,,,nfl.com,2025-07-18 17:12:03.118127
Jordan Whittington,rams,WR,88.0,"7'3""",202,,,Texas,,,,,,,,,,,,,,nfl.com,2025-07-18 17:12:03.121179
Darious Williams,rams,DB,24.0,"6'9""",192,,,UAB,,,,,,,,,,,,,,nfl.com,2025-07-18 17:12:03.124387
Kyren Williams,rams,RB,23.0,"6'9""",202,,,Notre Dame,,,,,,,,,,,,,,nfl.com,2025-07-18 17:12:03.124592
Mario Williams,rams,WR,86.0,"6'9""",178,,,Tulane,,,,,,,,,,,,,,nfl.com,2025-07-18 17:12:03.124763
Trey Wedig,rams,OT,72.0,"7'8""",310,,,Indiana,,,,,,,,,,,,,,nfl.com,2025-07-18 17:12:03.120632
Ahkello Witherspoon,rams,CB,4.0,"7'4""",195,,,Colorado,,,,,,,,,,,,,,nfl.com,2025-07-18 17:12:03.125511
Charles Woods,rams,DB,21.0,"7'1""",185,,,SMU,,,,,,,,,,,,,,nfl.com,2025-07-18 17:12:03.125983
Byron Young,rams,LB,,"7'4""",258,,,Tennessee,,,,,,,,,,,,,,nfl.com,2025-07-18 17:12:03.126400
DeVon Achane,dolphins,RB,28.0,"6'9""",188,,,Texas A&M,,,,,,,,,,,,,,nfl.com,2025-07-18 17:12:12.415462
BJ Adams,dolphins,CB,45.0,"7'5""",190,,,UCF,,,,,,,,,,,,,,nfl.com,2025-07-18 17:12:12.415729
Andrew Armstrong,dolphins,WR,19.0,"7'6""",202,,,Arkansas,,,,,,,,,,,,,,nfl.com,2025-07-18 17:12:12.416082
Jake Bailey,dolphins,P,16.0,"7'4""",212,,,Stanford,,,,,,,,,,,,,,nfl.com,2025-07-18 17:12:12.416554
Monaray Baldwin,dolphins,WR,48.0,"6'9""",172,,,Baylor,,,,,,,,,,,,,,nfl.com,2025-07-18 17:12:12.418196
Eugene Asante,dolphins,LB,51.0,"7'3""",219,,,Auburn,,,,,,,,,,,,,,nfl.com,2025-07-18 17:12:12.416300
Ethan Bonner,dolphins,CB,27.0,"7'3""",186,,,Stanford,,,,,,,,,,,,,,nfl.com,2025-07-18 17:12:12.420045
Tarik Black,dolphins,WR,86.0,"7'5""",213,,,Texas,,,,,,,,,,,,,,nfl.com,2025-07-18 17:12:12.419754
Zeek Biggers,dolphins,DT,93.0,"7'7""",321,,,Georgia Tech,,,,,,,,,,,,,,nfl.com,2025-07-18 17:12:12.418568
Larry Borom,dolphins,G,79.0,"7'7""",333,,,Missouri,,,,,,,,,,,,,,nfl.com,2025-07-18 17:12:12.421992
Aaron Brewer,dolphins,C,55.0,"7'3""",295,,,Texas State-San Marcos,,,,,,,,,,,,,,nfl.com,2025-07-18 17:12:12.425467
Quinton Bell,dolphins,LB,56.0,"7'6""",255,,,Prairie View A&M,,,,,,,,,,,,,,nfl.com,2025-07-18 17:12:12.418373
Artie Burns,dolphins,CB,23.0,"7'2""",187,,,Miami,,,,,,,,,,,,,,nfl.com,2025-07-18 17:12:12.430051
Matthew Butler,dolphins,DT,91.0,"7'5""",290,,,Tennessee,,,,,,,,,,,,,,nfl.com,2025-07-18 17:12:12.430383
K.J. Britt,dolphins,LB,3.0,"7'2""",235,,,Auburn,,,,,,,,,,,,,,nfl.com,2025-07-18 17:12:12.425828
Elijah Campbell,dolphins,DB,22.0,"7'1""",200,,,Northern Iowa,,,,,,,,,,,,,,nfl.com,2025-07-18 17:12:12.431490
Jordyn Brooks,dolphins,LB,20.0,"7'2""",240,,,Texas Tech,,,,,,,,,,,,,,nfl.com,2025-07-18 17:12:12.429300
Pharaoh Brown,dolphins,TE,85.0,"7'7""",246,,,Oregon,,,,,,,,,,,,,,nfl.com,2025-07-18 17:12:12.429557
Joe Cardona,dolphins,LS,67.0,"7'5""",245,,,Navy,,,,,,,,,,,,,,nfl.com,2025-07-18 17:12:12.431656
Bradley Chubb,dolphins,OLB,2.0,"7'6""",268,,,N.C. State,,,,,,,,,,,,,,nfl.com,2025-07-18 17:12:12.433121
Tanner Conner,dolphins,TE,80.0,"7'5""",232,,,Idaho State,,,,,,,,,,,,,,nfl.com,2025-07-18 17:12:12.433510
Jalin Conyers,dolphins,TE,47.0,"7'6""",265,,,Texas Tech,,,,,,,,,,,,,,nfl.com,2025-07-18 17:12:12.433679
Jordan Colbert,dolphins,SAF,34.0,"7'4""",214,,,Rhode Island,,,,,,,,,,,,,,nfl.com,2025-07-18 17:12:12.433321
Jackson Carman,dolphins,OT,76.0,"7'7""",322,,,Clemson,,,,,,,,,,,,,,nfl.com,2025-07-18 17:12:12.432879
Ryan Cooper Jr.,dolphins,DB,35.0,"7'1""",192,,,Oregon State,,,,,,,,,,,,,,nfl.com,2025-07-18 17:12:12.436847
Braeden Daniels,dolphins,G,66.0,"7'6""",297,,,Utah,,,,,,,,,,,,,,nfl.com,2025-07-18 17:12:12.437018
James Daniels,dolphins,G,78.0,"7'6""",327,,,Iowa,,,,,,,,,,,,,,nfl.com,2025-07-18 17:12:12.437183
Ashtyn Davis,dolphins,SAF,21.0,"7'3""",202,,,California,,,,,,,,,,,,,,nfl.com,2025-07-18 17:12:12.437332
Matt Dickerson,dolphins,DE,98.0,"7'7""",292,,,UCLA,,,,,,,,,,,,,,nfl.com,2025-07-18 17:12:12.438221
Storm Duck,dolphins,CB,36.0,"7'2""",195,,,Louisville,,,,,,,,,,,,,,nfl.com,2025-07-18 17:12:12.438605
Dee Eskridge,dolphins,WR,82.0,"6'9""",190,,,Western Michigan,,,,,,,,,,,,,,nfl.com,2025-07-18 17:12:12.439555
Quinn Ewers,dolphins,QB,14.0,"7'4""",214,,,Texas,,,,,,,,,,,,,,nfl.com,2025-07-18 17:12:12.440431
Tyrel Dodson,dolphins,LB,11.0,"7'2""",237,,,Texas A&M,,,,,,,,,,,,,,nfl.com,2025-07-18 17:12:12.438440
Liam Eichenberg,dolphins,OT,74.0,"7'8""",302,,,Notre Dame,,,,,,,,,,,,,,nfl.com,2025-07-18 17:12:12.439360
Minkah Fitzpatrick,dolphins,FS,,"7'3""",207,,,Alabama,,,,,,,,,,,,,,nfl.com,2025-07-18 17:12:12.441604
Erik Ezukanma,dolphins,WR,84.0,"7'4""",206,,,Texas Tech,,,,,,,,,,,,,,nfl.com,2025-07-18 17:12:12.441207
Brett Gabbert,dolphins,QB,16.0,"7'2""",210,,,Miami (Ohio),,,,,,,,,,,,,,nfl.com,2025-07-18 17:12:12.442501
Ollie Gordon II,dolphins,RB,31.0,"7'4""",225,,,Oklahoma State,,,,,,,,,,,,,,nfl.com,2025-07-18 17:12:12.443075
Kenneth Grant,dolphins,DT,90.0,"7'5""",331,,,Michigan,,,,,,,,,,,,,,nfl.com,2025-07-18 17:12:12.443228
Willie Gay Jr.,dolphins,LB,40.0,"7'3""",243,,,Mississippi State,,,,,,,,,,,,,,nfl.com,2025-07-18 17:12:12.442716
A.J. Henning,dolphins,WR,88.0,"6'9""",192,,,Northwestern,,,,,,,,,,,,,,nfl.com,2025-07-18 17:12:12.444754
Cameron Goode,dolphins,LB,53.0,"7'5""",245,,,California,,,,,,,,,,,,,,nfl.com,2025-07-18 17:12:12.442903
Tyreek Hill,dolphins,WR,10.0,"7'0""",191,,,West Alabama,,,,,,,,,,,,,,nfl.com,2025-07-18 17:12:12.445592
Julian Hill,dolphins,TE,89.0,"7'6""",251,,,Campbell University,,,,,,,,,,,,,,nfl.com,2025-07-18 17:12:12.445028
Alex Huntley,dolphins,DT,96.0,"7'6""",298,,,South Carolina,,,,,,,,,,,,,,nfl.com,2025-07-18 17:12:12.445867
Alec Ingold,dolphins,FB,30.0,"7'3""",232,,,Wisconsin,,,,,,,,,,,,,,nfl.com,2025-07-18 17:12:12.446433
Ryan Hayes,dolphins,OT,77.0,"7'8""",303,,,Michigan,,,,,,,,,,,,,,nfl.com,2025-07-18 17:12:12.444204
Isaiah Johnson,dolphins,CB,37.0,"7'5""",205,,,Syracuse,,,,,,,,,,,,,,nfl.com,2025-07-18 17:12:12.447128
Benito Jones,dolphins,DT,95.0,"7'3""",335,,,Mississippi,,,,,,,,,,,,,,nfl.com,2025-07-18 17:12:12.447652
Austin Jackson,dolphins,OT,73.0,"7'7""",315,,,USC,,,,,,,,,,,,,,nfl.com,2025-07-18 17:12:12.446685
Dequan Jackson,dolphins,LB,57.0,"7'3""",225,,,Colorado State,,,,,,,,,,,,,,nfl.com,2025-07-18 17:12:12.446796
Kader Kohou,dolphins,CB,4.0,"7'0""",197,,,East Texas A&M,,,,,,,,,,,,,,nfl.com,2025-07-18 17:12:12.448130
Jason Maitre,dolphins,CB,43.0,"7'0""",188,,,Wisconsin,,,,,,,,,,,,,,nfl.com,2025-07-18 17:12:12.448842
Jason Marshall Jr.,dolphins,CB,33.0,"7'2""",194,,,Florida,,,,,,,,,,,,,,nfl.com,2025-07-18 17:12:12.448978
Mohamed Kamara,dolphins,LB,50.0,"7'3""",253,,,Colorado State,,,,,,,,,,,,,,nfl.com,2025-07-18 17:12:12.447938
Alexander Mattison,dolphins,RB,8.0,"7'1""",220,,,Boise State,,,,,,,,,,,,,,nfl.com,2025-07-18 17:12:12.456240
Patrick McMorris,dolphins,SAF,32.0,"7'2""",206,,,California,,,,,,,,,,,,,,nfl.com,2025-07-18 17:12:12.456745
Ifeatu Melifonwu,dolphins,SAF,26.0,"7'5""",210,,,Syracuse,,,,,,,,,,,,,,nfl.com,2025-07-18 17:12:12.457456
Derrick McLendon,dolphins,LB,59.0,"7'6""",250,,,Colorado,,,,,,,,,,,,,,nfl.com,2025-07-18 17:12:12.456445
Tedi Kushi,dolphins,OT,63.0,"7'9""",305,,,Western Michigan,,,,,,,,,,,,,,nfl.com,2025-07-18 17:12:12.448743
Nate Noel,dolphins,RB,38.0,"6'8""",187,,,Missouri,,,,,,,,,,,,,,nfl.com,2025-07-18 17:12:12.458625
Grayson Murphy,dolphins,LB,42.0,"7'4""",260,,,UCLA,,,,,,,,,,,,,,nfl.com,2025-07-18 17:12:12.458355
Bayron Matos,dolphins,OT,70.0,"7'9""",334,,,University of South Florida,,,,,,,,,,,,,,nfl.com,2025-07-18 17:12:12.455869
Andrew Meyer,dolphins,OL,60.0,"7'5""",295,,,Texas-El Paso,,,,,,,,,,,,,,nfl.com,2025-07-18 17:12:12.458181
Jordan Phillips,dolphins,DT,94.0,"7'3""",312,,,Maryland,,,,,,,,,,,,,,nfl.com,2025-07-18 17:12:12.460198
Josh Priebe,dolphins,G,68.0,"7'7""",305,,,Michigan,,,,,,,,,,,,,,nfl.com,2025-07-18 17:12:12.460332
Patrick Paul,dolphins,OT,52.0,"7'9""",332,,,Houston,,,,,,,,,,,,,,nfl.com,2025-07-18 17:12:12.459083
Jaelan Phillips,dolphins,LB,15.0,"7'7""",263,,,Miami,,,,,,,,,,,,,,nfl.com,2025-07-18 17:12:12.459423
Ethan Robinson,dolphins,CB,46.0,"7'2""",190,,,Minnesota,,,,,,,,,,,,,,nfl.com,2025-07-18 17:12:12.461213
Chop Robinson,dolphins,LB,44.0,"7'5""",254,,,Penn State,,,,,,,,,,,,,,nfl.com,2025-07-18 17:12:12.460453
Hayden Rucci,dolphins,TE,87.0,"7'7""",247,,,Wisconsin,,,,,,,,,,,,,,nfl.com,2025-07-18 17:12:12.461347
Jason Sanders,dolphins,K,7.0,"7'1""",195,,,New Mexico,,,,,,,,,,,,,,nfl.com,2025-07-18 17:12:12.461507
John Saunders Jr.,dolphins,SAF,35.0,"7'4""",210,,,Mississippi,,,,,,,,,,,,,,nfl.com,2025-07-18 17:12:12.462242
Kendall Sheffield,dolphins,CB,14.0,"7'0""",212,,,Ohio State,,,,,,,,,,,,,,nfl.com,2025-07-18 17:12:12.462533
Zach Sieler,dolphins,DT,92.0,"7'8""",300,,,Ferris State,,,,,,,,,,,,,,nfl.com,2025-07-18 17:12:12.462658
Cam Smith,dolphins,CB,24.0,"7'3""",186,,,South Carolina,,,,,,,,,,,,,,nfl.com,2025-07-18 17:12:12.462776
Jonah Savaiinaea,dolphins,OT,21.0,"7'6""",324,,,Arizona,,,,,,,,,,,,,,nfl.com,2025-07-18 17:12:12.462418
Ben Stille,dolphins,DE,,"7'6""",296,,,Nebraska,,,,,,,,,,,,,,nfl.com,2025-07-18 17:12:12.463692
Ryan Stonehouse,dolphins,P,49.0,"7'0""",193,,,Colorado State,,,,,,,,,,,,,,nfl.com,2025-07-18 17:12:12.463807
Tua Tagovailoa,dolphins,QB,1.0,"7'3""",225,,,Alabama,,,,,,,,,,,,,,nfl.com,2025-07-18 17:12:12.463991
Kion Smith,dolphins,OT,71.0,"7'7""",300,,,Fayetteville State University,,,,,,,,,,,,,,nfl.com,2025-07-18 17:12:12.463499
Dante Trader Jr.,dolphins,SAF,29.0,"7'0""",196,,,Maryland,,,,,,,,,,,,,,nfl.com,2025-07-18 17:12:12.465155
Jaylen Waddle,dolphins,WR,17.0,"7'0""",185,,,Alabama,,,,,,,,,,,,,,nfl.com,2025-07-18 17:12:12.465357
Darren Waller,dolphins,TE,,"7'8""",238,,,Georgia Tech,,,,,,,,,,,,,,nfl.com,2025-07-18 17:12:12.465499
Malik Washington,dolphins,WR,6.0,"6'8""",191,,,Virginia,,,,,,,,,,,,,,nfl.com,2025-07-18 17:12:12.466786
Channing Tindall,dolphins,LB,41.0,"7'4""",236,,,Georgia,,,,,,,,,,,,,,nfl.com,2025-07-18 17:12:12.464891
Tahj Washington,dolphins,WR,83.0,"7'0""",175,,,USC,,,,,,,,,,,,,,nfl.com,2025-07-18 17:12:12.467215
Addison West,dolphins,G,65.0,"7'5""",305,,,Western Michigan,,,,,,,,,,,,,,nfl.com,2025-07-18 17:12:12.467544
Theo Wease Jr.,dolphins,WR,81.0,"7'4""",210,,,Missouri,,,,,,,,,,,,,,nfl.com,2025-07-18 17:12:12.467391
Nick Westbrook-Ikhine,dolphins,WR,18.0,"7'4""",211,,,Indiana,,,,,,,,,,,,,,nfl.com,2025-07-18 17:12:12.468318
Zach Wilson,dolphins,QB,,"7'4""",214,,,BYU,,,,,,,,,,,,,,nfl.com,2025-07-18 17:12:12.468516
Jaylen Wright,dolphins,RB,25.0,"7'1""",210,,,Tennessee,,,,,,,,,,,,,,nfl.com,2025-07-18 17:12:12.468650
Jonathan Allen,vikings,DE,93.0,"7'5""",300,,,Alabama,,,,,,,,,,,,,,nfl.com,2025-07-18 17:12:21.453884
Brian Asamoah,vikings,LB,6.0,"7'2""",226,,,Oklahoma,,,,,,,,,,,,,,nfl.com,2025-07-18 17:12:21.454319
Gavin Bartholomew,vikings,TE,86.0,"7'7""",246,,,Pittsburgh,,,,,,,,,,,,,,nfl.com,2025-07-18 17:12:21.454651
Travis Bell,vikings,DT,95.0,"7'2""",310,,,Kennesaw State,,,,,,,,,,,,,,nfl.com,2025-07-18 17:12:21.455142
Tyler Batty,vikings,LB,96.0,"7'7""",271,,,BYU,,,,,,,,,,,,,,nfl.com,2025-07-18 17:12:21.454751
Jordan Addison,vikings,WR,3.0,"7'1""",175,,,USC,,,,,,,,,,,,,,nfl.com,2025-07-18 17:12:21.453679
Mekhi Blackmon,vikings,DB,5.0,"7'1""",178,,,USC,,,,,,,,,,,,,,nfl.com,2025-07-18 17:12:21.456822
Silas Bolden,vikings,WR,83.0,"6'8""",160,,,Texas,,,,,,,,,,,,,,nfl.com,2025-07-18 17:12:21.456961
Max Brosmer,vikings,QB,12.0,"7'4""",217,,,Minnesota,,,,,,,,,,,,,,nfl.com,2025-07-18 17:12:21.457287
Henry Byrd,vikings,G,68.0,"7'7""",310,,,Princeton,,,,,,,,,,,,,,nfl.com,2025-07-18 17:12:21.457510
Blake Brandel,vikings,OT,64.0,"7'9""",315,,,Oregon State,,,,,,,,,,,,,,nfl.com,2025-07-18 17:12:21.457115
Logan Brown,vikings,OT,62.0,"7'8""",312,,,Kansas,,,,,,,,,,,,,,nfl.com,2025-07-18 17:12:21.457377
Ty Chandler,vikings,RB,32.0,"7'1""",204,,,North Carolina,,,,,,,,,,,,,,nfl.com,2025-07-18 17:12:21.458309
Blake Cashman,vikings,LB,51.0,"7'3""",235,,,Minnesota,,,,,,,,,,,,,,nfl.com,2025-07-18 17:12:21.457685
Zeke Correll,vikings,C,63.0,"7'5""",307,,,N.C. State,,,,,,,,,,,,,,nfl.com,2025-07-18 17:12:21.458656
Chaz Chambliss,vikings,LB,57.0,"7'3""",242,,,Georgia,,,,,,,,,,,,,,nfl.com,2025-07-18 17:12:21.458038
Andrew DePaola,vikings,LS,42.0,"7'3""",229,,,Rutgers,,,,,,,,,,,,,,nfl.com,2025-07-18 17:12:21.459201
Tai Felton,vikings,WR,13.0,"7'3""",183,,,Maryland,,,,,,,,,,,,,,nfl.com,2025-07-18 17:12:21.459505
Dontae Fleming,vikings,WR,19.0,"7'4""",180,,,Tulane,,,,,,,,,,,,,,nfl.com,2025-07-18 17:12:21.459735
Will Fries,vikings,G,76.0,"7'8""",305,,,Penn State,,,,,,,,,,,,,,nfl.com,2025-07-18 17:12:21.459889
Christian Darrisaw,vikings,OT,71.0,"7'7""",315,,,Virginia Tech,,,,,,,,,,,,,,nfl.com,2025-07-18 17:12:21.459017
Keenan Garber,vikings,CB,35.0,"7'2""",188,,,Kansas State,,,,,,,,,,,,,,nfl.com,2025-07-18 17:12:21.460371
Jonathan Harris,vikings,DT,92.0,"7'7""",295,,,Lindenwood,,,,,,,,,,,,,,nfl.com,2025-07-18 17:12:21.461508
Kahlef Hailassie,vikings,DB,25.0,"7'3""",195,,,Western Kentucky,,,,,,,,,,,,,,nfl.com,2025-07-18 17:12:21.460883
C.J. Ham,vikings,FB,30.0,"7'1""",250,,,Augustana (SD),,,,,,,,,,,,,,nfl.com,2025-07-18 17:12:21.461109
Sam Howell,vikings,QB,8.0,"7'3""",225,,,North Carolina,,,,,,,,,,,,,,nfl.com,2025-07-18 17:12:21.461858
Tyrion Ingram-Dawkins,vikings,DT,90.0,"7'7""",276,,,Georgia,,,,,,,,,,,,,,nfl.com,2025-07-18 17:12:21.462306
Javon Hargrave,vikings,NT,98.0,"7'4""",305,,,South Carolina State,,,,,,,,,,,,,,nfl.com,2025-07-18 17:12:21.461296
Joe Huber,vikings,G,60.0,"7'7""",310,,,Wisconsin,,,,,,,,,,,,,,nfl.com,2025-07-18 17:12:21.462026
T.J. Hockenson,vikings,TE,87.0,"7'7""",248,,,Iowa,,,,,,,,,,,,,,nfl.com,2025-07-18 17:12:21.461690
Jonathan Greenard,vikings,LB,58.0,"7'5""",259,,,Florida,,,,,,,,,,,,,,nfl.com,2025-07-18 17:12:21.460615
Donovan Jackson,vikings,G,74.0,"7'6""",315,,,Ohio State,,,,,,,,,,,,,,nfl.com,2025-07-18 17:12:21.462696
Lucky Jackson,vikings,WR,81.0,"7'2""",186,,,Western Kentucky,,,,,,,,,,,,,,nfl.com,2025-07-18 17:12:21.463008
Theo Jackson,vikings,SAF,25.0,"7'3""",198,,,Tennessee,,,,,,,,,,,,,,nfl.com,2025-07-18 17:12:21.463223
Justin Jefferson,vikings,WR,18.0,"7'3""",195,,,LSU,,,,,,,,,,,,,,nfl.com,2025-07-18 17:12:21.463443
Aaron Jones,vikings,RB,33.0,"6'9""",208,,,Texas-El Paso,,,,,,,,,,,,,,nfl.com,2025-07-18 17:12:21.464050
Michael Jurgens,vikings,C,65.0,"7'6""",311,,,Wake Forest,,,,,,,,,,,,,,nfl.com,2025-07-18 17:12:21.464806
Tim Jones,vikings,WR,14.0,"7'3""",200,,,Southern Mississippi,,,,,,,,,,,,,,nfl.com,2025-07-18 17:12:21.464521
Marcellus Johnson,vikings,OT,79.0,"7'6""",307,,,Missouri,,,,,,,,,,,,,,nfl.com,2025-07-18 17:12:21.463798
Ryan Kelly,vikings,C,78.0,"7'6""",307,,,Alabama,,,,,,,,,,,,,,nfl.com,2025-07-18 17:12:21.465280
Jeshaun Jones,vikings,WR,82.0,"7'3""",188,,,Maryland,,,,,,,,,,,,,,nfl.com,2025-07-18 17:12:21.464332
Vershon Lee,vikings,G,,"7'6""",310,,,South Carolina,,,,,,,,,,,,,,nfl.com,2025-07-18 17:12:21.466111
Robert Lewis,vikings,WR,85.0,"7'0""",188,,,Auburn,,,,,,,,,,,,,,nfl.com,2025-07-18 17:12:21.466349
Austin Keys,vikings,LB,56.0,"7'4""",247,,,Auburn,,,,,,,,,,,,,,nfl.com,2025-07-18 17:12:21.465512
Jordan Mason,vikings,RB,27.0,"7'1""",223,,,Georgia Tech,,,,,,,,,,,,,,nfl.com,2025-07-18 17:12:21.466791
Kobe King,vikings,LB,41.0,"7'3""",236,,,Penn State,,,,,,,,,,,,,,nfl.com,2025-07-18 17:12:21.465720
J.J. McCarthy,vikings,QB,9.0,"7'5""",219,,,Michigan,,,,,,,,,,,,,,nfl.com,2025-07-18 17:12:21.467316
Dwight McGlothern,vikings,CB,29.0,"7'4""",185,,,Arkansas,,,,,,,,,,,,,,nfl.com,2025-07-18 17:12:21.467486
Josh Metellus,vikings,SAF,44.0,"7'1""",207,,,Michigan,,,,,,,,,,,,,,nfl.com,2025-07-18 17:12:21.467667
Rondale Moore,vikings,WR,4.0,"6'7""",180,,,Purdue,,,,,,,,,,,,,,nfl.com,2025-07-18 17:12:21.468042
Dorian Mausi,vikings,LB,52.0,"7'3""",234,,,Auburn,,,,,,,,,,,,,,nfl.com,2025-07-18 17:12:21.467151
Byron Murphy,vikings,CB,7.0,"7'1""",190,,,Washington,,,,,,,,,,,,,,nfl.com,2025-07-18 17:12:21.468613
Gabriel Murphy,vikings,LB,59.0,"7'4""",247,,,UCLA,,,,,,,,,,,,,,nfl.com,2025-07-18 17:12:21.468485
Bryson Nesbit,vikings,TE,46.0,"7'7""",238,,,North Carolina,,,,,,,,,,,,,,nfl.com,2025-07-18 17:12:21.469019
Jeff Okudah,vikings,CB,21.0,"7'3""",205,,,Ohio State,,,,,,,,,,,,,,nfl.com,2025-07-18 17:12:21.469220
Jalen Nailor,vikings,WR,1.0,"7'2""",190,,,Michigan State,,,,,,,,,,,,,,nfl.com,2025-07-18 17:12:21.468806
Josh Oliver,vikings,TE,84.0,"7'7""",259,,,San Jose State,,,,,,,,,,,,,,nfl.com,2025-07-18 17:12:21.469715
Harrison Phillips,vikings,DT,97.0,"7'5""",307,,,Stanford,,,,,,,,,,,,,,nfl.com,2025-07-18 17:12:21.470368
Mishael Powell,vikings,SAF,40.0,"7'3""",210,,,Miami,,,,,,,,,,,,,,nfl.com,2025-07-18 17:12:21.470573
Myles Price,vikings,WR,31.0,"6'9""",183,,,Indiana,,,,,,,,,,,,,,nfl.com,2025-07-18 17:12:21.470891
Brian ONeill,vikings,OT,75.0,"7'9""",310,,,Pittsburgh,,,,,,,,,,,,,,nfl.com,2025-07-18 17:12:21.469871
Ivan Pace Jr.,vikings,LB,,"7'0""",231,,,Cincinnati,,,,,,,,,,,,,,nfl.com,2025-07-18 17:12:21.470075
Jalen Redmond,vikings,DL,61.0,"7'4""",291,,,Oklahoma,,,,,,,,,,,,,,nfl.com,2025-07-18 17:12:21.471466
Isaiah Rodgers,vikings,CB,2.0,"7'0""",176,,,UMass Amherst,,,,,,,,,,,,,,nfl.com,2025-07-18 17:12:21.472287
Will Reichard,vikings,K,16.0,"7'3""",187,,,Alabama,,,,,,,,,,,,,,nfl.com,2025-07-18 17:12:21.471640
Giovanni Ricci,vikings,TE,,"7'5""",240,,,Western Michigan,,,,,,,,,,,,,,nfl.com,2025-07-18 17:12:21.471853
Levi Drake Rodriguez,vikings,DL,50.0,"7'4""",290,,,Texas A&M-Commerce,,,,,,,,,,,,,,nfl.com,2025-07-18 17:12:21.472672
Bo Richter,vikings,LB,54.0,"7'3""",248,,,Air Force,,,,,,,,,,,,,,nfl.com,2025-07-18 17:12:21.472095
Brett Rypien,vikings,QB,11.0,"7'4""",210,,,Boise State,,,,,,,,,,,,,,nfl.com,2025-07-18 17:12:21.473466
Zavier Scott,vikings,RB,36.0,"7'3""",219,,,Maine,,,,,,,,,,,,,,nfl.com,2025-07-18 17:12:21.473686
Harrison Smith,vikings,FS,22.0,"7'4""",211,,,Notre Dame,,,,,,,,,,,,,,nfl.com,2025-07-18 17:12:21.474145
Walter Rouse,vikings,OT,73.0,"7'8""",313,,,Oklahoma,,,,,,,,,,,,,,nfl.com,2025-07-18 17:12:21.473255
Reddy Steward,vikings,CB,20.0,"7'1""",178,,,Troy,,,,,,,,,,,,,,nfl.com,2025-07-18 17:12:21.474481
Tre Stewart,vikings,RB,38.0,"6'8""",186,,,Jacksonville State,,,,,,,,,,,,,,nfl.com,2025-07-18 17:12:21.474781
Justin Skule,vikings,OT,67.0,"7'8""",315,,,Vanderbilt,,,,,,,,,,,,,,nfl.com,2025-07-18 17:12:21.473888
Ambry Thomas,vikings,CB,23.0,"7'2""",190,,,Michigan,,,,,,,,,,,,,,nfl.com,2025-07-18 17:12:21.475460
Taki Taimani,vikings,DL,94.0,"7'3""",309,,,Oregon,,,,,,,,,,,,,,nfl.com,2025-07-18 17:12:21.475267
Thayer Thomas,vikings,WR,89.0,"7'2""",195,,,N.C. State,,,,,,,,,,,,,,nfl.com,2025-07-18 17:12:21.475872
Zemaiah Vaughn,vikings,CB,34.0,"7'4""",187,,,Utah,,,,,,,,,,,,,,nfl.com,2025-07-18 17:12:21.476770
Andrew Van Ginkel,vikings,OLB,43.0,"7'6""",242,,,Wisconsin,,,,,,,,,,,,,,nfl.com,2025-07-18 17:12:21.476636
Jay Ward,vikings,SAF,24.0,"7'3""",188,,,LSU,,,,,,,,,,,,,,nfl.com,2025-07-18 17:12:21.476963
Dallas Turner,vikings,LB,15.0,"7'5""",247,,,Alabama,,,,,,,,,,,,,,nfl.com,2025-07-18 17:12:21.476506
Maxwell Tooley,vikings,LB,45.0,"7'4""",225,,,BYU,,,,,,,,,,,,,,nfl.com,2025-07-18 17:12:21.476126
Alex Williams,vikings,DE,99.0,"7'9""",291,,,Middle Tennessee State,,,,,,,,,,,,,,nfl.com,2025-07-18 17:12:21.477643
Elijah Williams,vikings,DE,69.0,"7'5""",270,,,Morgan State,,,,,,,,,,,,,,nfl.com,2025-07-18 17:12:21.477823
Leroy Watson IV,vikings,OT,72.0,"7'7""",311,,,Texas-San Antonio,,,,,,,,,,,,,,nfl.com,2025-07-18 17:12:21.477268
Ryan Wright,vikings,P,17.0,"7'5""",245,,,Tulane,,,,,,,,,,,,,,nfl.com,2025-07-18 17:12:21.478524
Ben Yurosek,vikings,TE,48.0,"7'6""",245,,,Georgia,,,,,,,,,,,,,,nfl.com,2025-07-18 17:12:21.478744
Eric Wilson,vikings,LB,55.0,"7'3""",230,,,Cincinnati,,,,,,,,,,,,,,nfl.com,2025-07-18 17:12:21.478297
Tavierre Thomas,vikings,CB,37.0,"7'0""",205,,,Ferris State,,,,,,,,,,,,,,nfl.com,2025-07-18 17:12:21.475731
Julian Ashby,patriots,LS,47.0,"7'3""",231,,,Vanderbilt,,,,,,,,,,,,,,nfl.com,2025-07-18 17:12:30.481242
Alex Austin,patriots,CB,28.0,"7'3""",191,,,Oregon State,,,,,,,,,,,,,,nfl.com,2025-07-18 17:12:30.481493
Javon Baker,patriots,WR,6.0,"7'3""",202,,,UCF,,,,,,,,,,,,,,nfl.com,2025-07-18 17:12:30.481890
Bryce Baringer,patriots,P,17.0,"7'4""",215,,,Michigan State,,,,,,,,,,,,,,nfl.com,2025-07-18 17:12:30.482230
Christian Barmore,patriots,DT,90.0,"7'7""",315,,,Alabama,,,,,,,,,,,,,,nfl.com,2025-07-18 17:12:30.482409
Miles Battle,patriots,CB,35.0,"7'5""",197,,,Utah,,,,,,,,,,,,,,nfl.com,2025-07-18 17:12:30.482623
Jaheim Bell,patriots,TE,88.0,"7'4""",241,,,Florida State,,,,,,,,,,,,,,nfl.com,2025-07-18 17:12:30.482734
DeMeer Blankumsee,patriots,WR,30.0,"7'0""",192,,,Memphis,,,,,,,,,,,,,,nfl.com,2025-07-18 17:12:30.483691
Isaiah Bolden,patriots,CB,29.0,"7'4""",205,,,Jackson State University,,,,,,,,,,,,,,nfl.com,2025-07-18 17:12:30.483830
Andy Borregales,patriots,K,36.0,"7'1""",202,,,Miami,,,,,,,,,,,,,,nfl.com,2025-07-18 17:12:30.484121
Kendrick Bourne,patriots,WR,84.0,"7'3""",205,,,Eastern Washington,,,,,,,,,,,,,,nfl.com,2025-07-18 17:12:30.484440
Kayshon Boutte,patriots,WR,9.0,"7'1""",197,,,LSU,,,,,,,,,,,,,,nfl.com,2025-07-18 17:12:30.484706
Garrett Bradbury,patriots,C,65.0,"7'5""",300,,,N.C. State,,,,,,,,,,,,,,nfl.com,2025-07-18 17:12:30.485042
Ben Brown,patriots,C,77.0,"7'7""",312,,,Mississippi,,,,,,,,,,,,,,nfl.com,2025-07-18 17:12:30.485397
Mehki Butler,patriots,G,63.0,"7'5""",310,,,Arkansas State,,,,,,,,,,,,,,nfl.com,2025-07-18 17:12:30.486204
Efton Chism III,patriots,WR,86.0,"7'0""",198,,,Eastern Washington,,,,,,,,,,,,,,nfl.com,2025-07-18 17:12:30.486993
Marcus Bryant,patriots,OT,52.0,"7'9""",320,,,Missouri,,,,,,,,,,,,,,nfl.com,2025-07-18 17:12:30.485877
Jack Conley,patriots,G,74.0,"7'9""",333,,,Boston College,,,,,,,,,,,,,,nfl.com,2025-07-18 17:12:30.487401
Will Campbell,patriots,OT,66.0,"7'8""",319,,,LSU,,,,,,,,,,,,,,nfl.com,2025-07-18 17:12:30.486517
KLavon Chaisson,patriots,LB,44.0,"7'5""",255,,,LSU,,,,,,,,,,,,,,nfl.com,2025-07-18 17:12:30.486769
Brandon Crossley,patriots,CB,37.0,"7'1""",185,,,SMU,,,,,,,,,,,,,,nfl.com,2025-07-18 17:12:30.488113
Carlton Davis III,patriots,CB,7.0,"7'3""",206,,,Auburn,,,,,,,,,,,,,,nfl.com,2025-07-18 17:12:30.488413
Marcellas Dial Jr.,patriots,DB,27.0,"7'2""",190,,,South Carolina,,,,,,,,,,,,,,nfl.com,2025-07-18 17:12:30.488775
Stefon Diggs,patriots,WR,8.0,"7'2""",191,,,Maryland,,,,,,,,,,,,,,nfl.com,2025-07-18 17:12:30.489166
CJ Dippre,patriots,TE,82.0,"7'7""",256,,,Alabama,,,,,,,,,,,,,,nfl.com,2025-07-18 17:12:30.489269
Joshua Dobbs,patriots,QB,11.0,"7'5""",220,,,Tennessee,,,,,,,,,,,,,,nfl.com,2025-07-18 17:12:30.489589
DeMario Douglas,patriots,WR,3.0,"6'8""",192,,,Liberty,,,,,,,,,,,,,,nfl.com,2025-07-18 17:12:30.489835
Kyle Dugger,patriots,SAF,23.0,"7'3""",216,,,Lenoir Rhyne,,,,,,,,,,,,,,nfl.com,2025-07-18 17:12:30.490131
Marcus Epps,patriots,SAF,22.0,"7'2""",195,,,Wyoming,,,,,,,,,,,,,,nfl.com,2025-07-18 17:12:30.490903
Joshua Farmer,patriots,DT,92.0,"7'5""",312,,,Florida State,,,,,,,,,,,,,,nfl.com,2025-07-18 17:12:30.491161
Yasir Durant,patriots,OT,,"7'9""",330,,,Missouri,,,,,,,,,,,,,,nfl.com,2025-07-18 17:12:30.490355
Christian Elliss,patriots,LB,53.0,"7'4""",231,,,Idaho,,,,,,,,,,,,,,nfl.com,2025-07-18 17:12:30.490593
Antonio Gibson,patriots,RB,4.0,"7'2""",228,,,Memphis,,,,,,,,,,,,,,nfl.com,2025-07-18 17:12:30.492026
Christian Gonzalez,patriots,CB,,"7'3""",205,,,Oregon,,,,,,,,,,,,,,nfl.com,2025-07-18 17:12:30.492255
Jack Gibbens,patriots,LB,51.0,"7'5""",242,,,Minnesota,,,,,,,,,,,,,,nfl.com,2025-07-18 17:12:30.491364
Jaylinn Hawkins,patriots,SAF,21.0,"7'3""",208,,,California,,,,,,,,,,,,,,nfl.com,2025-07-18 17:12:30.492634
TreVeyon Henderson,patriots,RB,32.0,"7'0""",202,,,Ohio State,,,,,,,,,,,,,,nfl.com,2025-07-18 17:12:30.492896
Hunter Henry,patriots,TE,85.0,"7'7""",249,,,Arkansas,,,,,,,,,,,,,,nfl.com,2025-07-18 17:12:30.493291
Mack Hollins,patriots,WR,13.0,"7'6""",221,,,North Carolina,,,,,,,,,,,,,,nfl.com,2025-07-18 17:12:30.493538
Austin Hooper,patriots,TE,81.0,"7'6""",254,,,Stanford,,,,,,,,,,,,,,nfl.com,2025-07-18 17:12:30.493788
Isaiah Iton,patriots,DT,68.0,"7'4""",277,,,Rutgers,,,,,,,,,,,,,,nfl.com,2025-07-18 17:12:30.494098
Terrell Jennings,patriots,RB,26.0,"7'2""",217,,,Florida A&M,,,,,,,,,,,,,,nfl.com,2025-07-18 17:12:30.495470
DJ James,patriots,CB,30.0,"7'2""",184,,,Auburn,,,,,,,,,,,,,,nfl.com,2025-07-18 17:12:30.494741
John Jiles,patriots,WR,83.0,"7'5""",220,,,University of West Florida,,,,,,,,,,,,,,nfl.com,2025-07-18 17:12:30.495744
Brock Lampe,patriots,RB,46.0,"7'3""",249,,,Northern Illinois,,,,,,,,,,,,,,nfl.com,2025-07-18 17:12:30.497172
Marcus Jones,patriots,CB,25.0,"6'8""",188,,,Houston,,,,,,,,,,,,,,nfl.com,2025-07-18 17:12:30.496087
Anfernee Jennings,patriots,LB,33.0,"7'5""",255,,,Alabama,,,,,,,,,,,,,,nfl.com,2025-07-18 17:12:30.495170
Demontrey Jacobs,patriots,OT,75.0,"7'8""",315,,,South Florida Community College,,,,,,,,,,,,,,nfl.com,2025-07-18 17:12:30.494440
Lan Larison,patriots,RB,34.0,"7'1""",209,,,UC Davis,,,,,,,,,,,,,,nfl.com,2025-07-18 17:12:30.497667
Harold Landry III,patriots,LB,2.0,"7'4""",252,,,Boston College,,,,,,,,,,,,,,nfl.com,2025-07-18 17:12:30.497339
Marte Mapu,patriots,SAF,15.0,"7'5""",230,,,Sacramento State,,,,,,,,,,,,,,nfl.com,2025-07-18 17:12:30.498433
Drake Maye,patriots,QB,10.0,"7'6""",225,,,North Carolina,,,,,,,,,,,,,,nfl.com,2025-07-18 17:12:30.498898
Vederian Lowe,patriots,OT,59.0,"7'7""",315,,,Illinois,,,,,,,,,,,,,,nfl.com,2025-07-18 17:12:30.498176
Josh Minkins,patriots,SAF,16.0,"7'4""",207,,,Cincinnati,,,,,,,,,,,,,,nfl.com,2025-07-18 17:12:30.499305
Kobee Minor,patriots,DB,19.0,"7'1""",188,,,Memphis,,,,,,,,,,,,,,nfl.com,2025-07-18 17:12:30.499841
Jabrill Peppers,patriots,FS,5.0,"7'1""",217,,,Michigan,,,,,,,,,,,,,,nfl.com,2025-07-18 17:12:30.500867
Dell Pettus,patriots,SAF,24.0,"7'1""",200,,,Troy,,,,,,,,,,,,,,nfl.com,2025-07-18 17:12:30.501130
Mike Onwenu,patriots,G,71.0,"7'5""",350,,,Michigan,,,,,,,,,,,,,,nfl.com,2025-07-18 17:12:30.500490
Morgan Moses,patriots,OT,76.0,"7'8""",320,,,Virginia,,,,,,,,,,,,,,nfl.com,2025-07-18 17:12:30.500220
Elijah Ponder,patriots,LB,91.0,"7'5""",261,,,Cal Poly (San Luis Obispo),,,,,,,,,,,,,,nfl.com,2025-07-18 17:12:30.502461
Jeremiah Pharms Jr.,patriots,DE,98.0,"7'5""",300,,,Friends U.,,,,,,,,,,,,,,nfl.com,2025-07-18 17:12:30.501625
JaLynn Polk,patriots,WR,1.0,"7'3""",203,,,Washington,,,,,,,,,,,,,,nfl.com,2025-07-18 17:12:30.501901
Jordan Polk,patriots,CB,39.0,"7'1""",189,,,Texas State-San Marcos,,,,,,,,,,,,,,nfl.com,2025-07-18 17:12:30.502196
Jahvaree Ritzie,patriots,DT,93.0,"7'6""",294,,,North Carolina,,,,,,,,,,,,,,nfl.com,2025-07-18 17:12:30.503280
Cam Riley,patriots,LB,42.0,"7'7""",228,,,Florida State,,,,,,,,,,,,,,nfl.com,2025-07-18 17:12:30.503022
Monty Rice,patriots,LB,45.0,"7'2""",233,,,Georgia,,,,,,,,,,,,,,nfl.com,2025-07-18 17:12:30.502726
Layden Robinson,patriots,G,64.0,"7'5""",311,,,Texas A&M,,,,,,,,,,,,,,nfl.com,2025-07-18 17:12:30.503521
Tyrese Robinson,patriots,G,55.0,"7'5""",319,,,Oklahoma,,,,,,,,,,,,,,nfl.com,2025-07-18 17:12:30.504360
John Parker Romo,patriots,K,37.0,"7'1""",190,,,Virginia Tech,,,,,,,,,,,,,,nfl.com,2025-07-18 17:12:30.504606
Jaquelin Roy,patriots,DT,94.0,"7'5""",305,,,LSU,,,,,,,,,,,,,,nfl.com,2025-07-18 17:12:30.504819
Brenden Schooler,patriots,SAF,41.0,"7'3""",210,,,Texas,,,,,,,,,,,,,,nfl.com,2025-07-18 17:12:30.505283
Truman Jones,patriots,DE,54.0,"7'5""",255,,,Harvard,,,,,,,,,,,,,,nfl.com,2025-07-18 17:12:30.496350
Gee Scott Jr.,patriots,TE,80.0,"7'5""",240,,,Ohio State,,,,,,,,,,,,,,nfl.com,2025-07-18 17:12:30.505553
Sidy Sow,patriots,G,62.0,"7'7""",318,,,Eastern Michigan,,,,,,,,,,,,,,nfl.com,2025-07-18 17:12:30.505693
Rhamondre Stevenson,patriots,RB,38.0,"7'2""",227,,,Oklahoma,,,,,,,,,,,,,,nfl.com,2025-07-18 17:12:30.506229
Cole Strange,patriots,G,69.0,"7'7""",310,,,Tennessee-Chattanooga,,,,,,,,,,,,,,nfl.com,2025-07-18 17:12:30.506659
Robert Spillane,patriots,LB,14.0,"7'3""",229,,,Western Michigan,,,,,,,,,,,,,,nfl.com,2025-07-18 17:12:30.505904
Khyiris Tonga,patriots,DT,95.0,"7'4""",335,,,BYU,,,,,,,,,,,,,,nfl.com,2025-07-18 17:12:30.507568
Caedan Wallace,patriots,OT,70.0,"7'7""",314,,,Penn State,,,,,,,,,,,,,,nfl.com,2025-07-18 17:12:30.507968
Keion White,patriots,DE,99.0,"7'7""",285,,,Georgia Tech,,,,,,,,,,,,,,nfl.com,2025-07-18 17:12:30.509235
Bradyn Swinson,patriots,LB,43.0,"7'6""",255,,,LSU,,,,,,,,,,,,,,nfl.com,2025-07-18 17:12:30.507019
Jack Westover,patriots,TE,87.0,"7'4""",245,,,Washington,,,,,,,,,,,,,,nfl.com,2025-07-18 17:12:30.508884
Jahlani Tavai,patriots,LB,48.0,"7'4""",255,,,Hawaii,,,,,,,,,,,,,,nfl.com,2025-07-18 17:12:30.507196
Jeremiah Webb,patriots,WR,29.0,"7'1""",198,,,South Alabama,,,,,,,,,,,,,,nfl.com,2025-07-18 17:12:30.508608
Trayveon Williams,patriots,RB,49.0,"6'8""",206,,,Texas A&M,,,,,,,,,,,,,,nfl.com,2025-07-18 17:12:30.509428
Kyle Williams,patriots,WR,18.0,"7'1""",190,,,Washington State,,,,,,,,,,,,,,nfl.com,2025-07-18 17:12:30.509861
Milton Williams,patriots,DE,97.0,"7'5""",290,,,Louisiana Tech,,,,,,,,,,,,,,nfl.com,2025-07-18 17:12:30.510197
Jared Wilson,patriots,C,58.0,"7'5""",310,,,Georgia,,,,,,,,,,,,,,nfl.com,2025-07-18 17:12:30.510599
Craig Woodson,patriots,SAF,31.0,"7'2""",200,,,California,,,,,,,,,,,,,,nfl.com,2025-07-18 17:12:30.510845
Ben Wooldridge,patriots,QB,17.0,"7'4""",214,,,Louisiana,,,,,,,,,,,,,,nfl.com,2025-07-18 17:12:30.511233
Cam Akers,saints,RB,,"7'0""",217,,,Florida State,,,,,,,,,,,,,,nfl.com,2025-07-18 17:12:38.219965
Kevin Austin Jr.,saints,WR,81.0,"7'4""",200,,,Notre Dame,,,,,,,,,,,,,,nfl.com,2025-07-18 17:12:38.220704
Ugo Amadi,saints,CB,,"6'9""",201,,,Oregon,,,,,,,,,,,,,,nfl.com,2025-07-18 17:12:38.220352
Dalys Beanum,saints,CB,37.0,"7'3""",200,,,South Dakota State,,,,,,,,,,,,,,nfl.com,2025-07-18 17:12:38.221447
Josh Ball,saints,OT,79.0,"8'0""",304,,,Marshall,,,,,,,,,,,,,,nfl.com,2025-07-18 17:12:38.220826
Khristian Boyd,saints,DT,97.0,"7'4""",320,,,Northern Iowa,,,,,,,,,,,,,,nfl.com,2025-07-18 17:12:38.221864
Bryan Bresee,saints,DT,90.0,"7'7""",305,,,Clemson,,,,,,,,,,,,,,nfl.com,2025-07-18 17:12:38.222071
Kelvin Banks Jr.,saints,OT,71.0,"7'7""",315,,,Texas,,,,,,,,,,,,,,nfl.com,2025-07-18 17:12:38.221321
Vernon Broughton,saints,DT,91.0,"7'7""",311,,,Texas,,,,,,,,,,,,,,nfl.com,2025-07-18 17:12:38.223631
Terrell Burgess,saints,SAF,42.0,"7'1""",202,,,Utah,,,,,,,,,,,,,,nfl.com,2025-07-18 17:12:38.223883
James Burnip,saints,P,46.0,"7'8""",236,,,Alabama,,,,,,,,,,,,,,nfl.com,2025-07-18 17:12:38.224377
Will Clapp,saints,C,76.0,"7'7""",314,,,LSU,,,,,,,,,,,,,,nfl.com,2025-07-18 17:12:38.224643
Brandin Cooks,saints,WR,10.0,"7'0""",189,,,Oregon State,,,,,,,,,,,,,,nfl.com,2025-07-18 17:12:38.224807
Demario Davis,saints,OLB,56.0,"7'4""",248,,,Arkansas State,,,,,,,,,,,,,,nfl.com,2025-07-18 17:12:38.225182
Jasheen Davis,saints,DE,59.0,"7'5""",270,,,Wake Forest,,,,,,,,,,,,,,nfl.com,2025-07-18 17:12:38.225441
Elliott Davison,saints,SAF,35.0,"7'2""",190,,,Texas-San Antonio,,,,,,,,,,,,,,nfl.com,2025-07-18 17:12:38.225680
Hunter Dekkers,saints,QB,18.0,"7'4""",215,,,Iowa Western CC,,,,,,,,,,,,,,nfl.com,2025-07-18 17:12:38.225828
Fadil Diggs,saints,DE,40.0,"7'6""",257,,,Syracuse,,,,,,,,,,,,,,nfl.com,2025-07-18 17:12:38.226172
Moochie Dixon,saints,WR,84.0,"7'2""",187,,,SMU,,,,,,,,,,,,,,nfl.com,2025-07-18 17:12:38.226479
Clyde Edwards-Helaire,saints,RB,23.0,"6'7""",207,,,LSU,,,,,,,,,,,,,,nfl.com,2025-07-18 17:12:38.226752
Isaiah Foskey,saints,DE,55.0,"7'7""",270,,,Notre Dame,,,,,,,,,,,,,,nfl.com,2025-07-18 17:12:38.227498
Davon Godchaux,saints,DT,92.0,"7'5""",330,,,LSU,,,,,,,,,,,,,,nfl.com,2025-07-18 17:12:38.228100
Josiah Ezirim,saints,OT,72.0,"7'8""",329,,,Eastern Kentucky,,,,,,,,,,,,,,nfl.com,2025-07-18 17:12:38.227064
Jaylan Ford,saints,LB,53.0,"7'4""",240,,,Texas,,,,,,,,,,,,,,nfl.com,2025-07-18 17:12:38.227263
Carl Granderson,saints,DE,96.0,"7'7""",261,,,Wyoming,,,,,,,,,,,,,,nfl.com,2025-07-18 17:12:38.228659
Taliese Fuaga,saints,OT,75.0,"7'8""",324,,,Oregon State,,,,,,,,,,,,,,nfl.com,2025-07-18 17:12:38.227821
J.T. Gray,saints,DB,48.0,"7'2""",202,,,Mississippi State,,,,,,,,,,,,,,nfl.com,2025-07-18 17:12:38.229133
Seth Green,saints,TE,,"7'6""",255,,,Houston,,,,,,,,,,,,,,nfl.com,2025-07-18 17:12:38.229316
Blake Grupe,saints,K,19.0,"6'7""",156,,,Notre Dame,,,,,,,,,,,,,,nfl.com,2025-07-18 17:12:38.229836
Jake Haener,saints,QB,3.0,"7'3""",200,,,Fresno State,,,,,,,,,,,,,,nfl.com,2025-07-18 17:12:38.230294
Matthew Hayball,saints,P,43.0,"7'2""",189,,,Vanderbilt,,,,,,,,,,,,,,nfl.com,2025-07-18 17:12:38.230602
Kyle Hergel,saints,G,60.0,"7'4""",315,,,Boston College,,,,,,,,,,,,,,nfl.com,2025-07-18 17:12:38.230810
Taysom Hill,saints,TE,7.0,"7'4""",221,,,BYU,,,,,,,,,,,,,,nfl.com,2025-07-18 17:12:38.230995
Dallin Holker,saints,TE,85.0,"7'5""",241,,,Colorado State,,,,,,,,,,,,,,nfl.com,2025-07-18 17:12:38.231331
Jordan Howden,saints,SAF,31.0,"7'2""",210,,,Minnesota,,,,,,,,,,,,,,nfl.com,2025-07-18 17:12:38.231548
Michael Jacobson,saints,TE,86.0,"7'9""",244,,,Iowa State,,,,,,,,,,,,,,nfl.com,2025-07-18 17:12:38.233894
Juwan Johnson,saints,TE,83.0,"7'6""",231,,,Oregon,,,,,,,,,,,,,,nfl.com,2025-07-18 17:12:38.234209
Velus Jones Jr.,saints,RB,13.0,"7'2""",200,,,Tennessee,,,,,,,,,,,,,,nfl.com,2025-07-18 17:12:38.234457
Cameron Jordan,saints,DE,94.0,"7'6""",287,,,California,,,,,,,,,,,,,,nfl.com,2025-07-18 17:12:38.234701
DMarco Jackson,saints,LB,52.0,"7'3""",233,,,Appalachian State,,,,,,,,,,,,,,nfl.com,2025-07-18 17:12:38.231821
Alvin Kamara,saints,RB,41.0,"7'0""",215,,,Tennessee,,,,,,,,,,,,,,nfl.com,2025-07-18 17:12:38.235146
Moliki Matavao,saints,TE,80.0,"8'0""",263,,,UCLA,,,,,,,,,,,,,,nfl.com,2025-07-18 17:12:38.235649
Tyrann Mathieu,saints,FS,32.0,"6'9""",190,,,LSU,,,,,,,,,,,,,,nfl.com,2025-07-18 17:12:38.235972
Erik McCoy,saints,C,78.0,"7'6""",303,,,Texas A&M,,,,,,,,,,,,,,nfl.com,2025-07-18 17:12:38.236204
Kool-Aid McKinstry,saints,CB,14.0,"7'1""",199,,,Alabama,,,,,,,,,,,,,,nfl.com,2025-07-18 17:12:38.236412
Easton Kilty,saints,OT,73.0,"7'8""",307,,,Kansas State,,,,,,,,,,,,,,nfl.com,2025-07-18 17:12:38.235392
Bub Means,saints,WR,16.0,"7'4""",215,,,Pittsburgh,,,,,,,,,,,,,,nfl.com,2025-07-18 17:12:38.237022
Kendre Miller,saints,RB,5.0,"7'2""",220,,,TCU,,,,,,,,,,,,,,nfl.com,2025-07-18 17:12:38.237265
Foster Moreau,saints,TE,87.0,"7'6""",250,,,LSU,,,,,,,,,,,,,,nfl.com,2025-07-18 17:12:38.237500
Devin Neal,saints,RB,30.0,"7'1""",215,,,Kansas,,,,,,,,,,,,,,nfl.com,2025-07-18 17:12:38.237653
Chris Olave,saints,WR,12.0,"7'2""",187,,,Ohio State,,,,,,,,,,,,,,nfl.com,2025-07-18 17:12:38.237875
Rico Payton,saints,CB,36.0,"7'2""",182,,,Pittsburg State (KS),,,,,,,,,,,,,,nfl.com,2025-07-18 17:12:38.238208
Donovan Peoples-Jones,saints,WR,24.0,"7'4""",204,,,Michigan,,,,,,,,,,,,,,nfl.com,2025-07-18 17:12:38.238610
Dante Pettis,saints,WR,17.0,"7'3""",195,,,Washington,,,,,,,,,,,,,,nfl.com,2025-07-18 17:12:38.239024
Jayden Price,saints,CB,,"7'2""",184,,,North Dakota State,,,,,,,,,,,,,,nfl.com,2025-07-18 17:12:38.239688
Trevor Penning,saints,OT,70.0,"7'9""",325,,,Northern Iowa,,,,,,,,,,,,,,nfl.com,2025-07-18 17:12:38.238357
Spencer Rattler,saints,QB,2.0,"7'2""",211,,,South Carolina,,,,,,,,,,,,,,nfl.com,2025-07-18 17:12:38.240419
Tyreem Powell,saints,LB,57.0,"7'7""",252,,,Rutgers,,,,,,,,,,,,,,nfl.com,2025-07-18 17:12:38.239255
Justin Reid,saints,S,21.0,"7'3""",207,,,Stanford,,,,,,,,,,,,,,nfl.com,2025-07-18 17:12:38.240753
John Ridgeway,saints,DT,95.0,"7'7""",321,,,Arkansas,,,,,,,,,,,,,,nfl.com,2025-07-18 17:12:38.240958
Dillon Radunz,saints,OT,77.0,"7'8""",301,,,North Dakota State,,,,,,,,,,,,,,nfl.com,2025-07-18 17:12:38.240233
Quincy Riley,saints,CB,29.0,"7'1""",195,,,Louisville,,,,,,,,,,,,,,nfl.com,2025-07-18 17:12:38.241326
Cesar Ruiz,saints,C,51.0,"7'6""",316,,,Michigan,,,,,,,,,,,,,,nfl.com,2025-07-18 17:12:38.241525
Chris Rumph II,saints,DE,98.0,"7'4""",244,,,Duke,,,,,,,,,,,,,,nfl.com,2025-07-18 17:12:38.241711
Nick Saldiveri,saints,G,64.0,"7'8""",316,,,Old Dominion,,,,,,,,,,,,,,nfl.com,2025-07-18 17:12:38.242053
Jonas Sanker,saints,SAF,33.0,"7'3""",210,,,Virginia,,,,,,,,,,,,,,nfl.com,2025-07-18 17:12:38.242225
Khalen Saunders,saints,DT,50.0,"7'2""",324,,,Western Illinois,,,,,,,,,,,,,,nfl.com,2025-07-18 17:12:38.242487
Rashid Shaheed,saints,WR,22.0,"7'2""",180,,,Weber State,,,,,,,,,,,,,,nfl.com,2025-07-18 17:12:38.243064
Nephi Sewell,saints,LB,45.0,"7'2""",228,,,Utah,,,,,,,,,,,,,,nfl.com,2025-07-18 17:12:38.242738
Tyler Shough,saints,QB,,"7'7""",224,,,Louisville,,,,,,,,,,,,,,nfl.com,2025-07-18 17:12:38.243516
Torricelli Simpkins III,saints,G,68.0,"7'7""",312,,,South Carolina,,,,,,,,,,,,,,nfl.com,2025-07-18 17:12:38.243748
Nathan Shepherd,saints,DE,93.0,"7'6""",315,,,Fort Hays,,,,,,,,,,,,,,nfl.com,2025-07-18 17:12:38.243234
Charlie Smyth,saints,K,39.0,"7'6""",210,,,,,,,,,,,,,,,,,nfl.com,2025-07-18 17:12:38.244228
Jack Stoll,saints,TE,88.0,"7'6""",247,,,Nebraska,,,,,,,,,,,,,,nfl.com,2025-07-18 17:12:38.244598
Alontae Taylor,saints,CB,1.0,"7'3""",199,,,Tennessee,,,,,,,,,,,,,,nfl.com,2025-07-18 17:12:38.245277
Omari Thomas,saints,DE,74.0,"7'6""",325,,,Tennessee,,,,,,,,,,,,,,nfl.com,2025-07-18 17:12:38.245513
Isaiah Stalbird,saints,LB,44.0,"7'3""",215,,,South Dakota State,,,,,,,,,,,,,,nfl.com,2025-07-18 17:12:38.244457
Mason Tipton,saints,WR,15.0,"7'1""",187,,,Yale,,,,,,,,,,,,,,nfl.com,2025-07-18 17:12:38.245931
Danny Stutsman,saints,LB,47.0,"7'5""",233,,,Oklahoma,,,,,,,,,,,,,,nfl.com,2025-07-18 17:12:38.244809
Chris Tyree,saints,WR,89.0,"7'0""",190,,,Virginia,,,,,,,,,,,,,,nfl.com,2025-07-18 17:12:38.246336
Treyton Welch,saints,TE,82.0,"7'5""",241,,,Wyoming,,,,,,,,,,,,,,nfl.com,2025-07-18 17:12:38.246620
Jonah Williams,saints,DE,54.0,"7'7""",275,,,Weber State,,,,,,,,,,,,,,nfl.com,2025-07-18 17:12:38.247244
Cedrick Wilson Jr.,saints,WR,11.0,"7'4""",197,,,Boise State,,,,,,,,,,,,,,nfl.com,2025-07-18 17:12:38.247553
Zach Wood,saints,LS,49.0,"7'5""",255,,,SMU,,,,,,,,,,,,,,nfl.com,2025-07-18 17:12:38.247845
Pete Werner,saints,LB,20.0,"7'5""",242,,,Ohio State,,,,,,,,,,,,,,nfl.com,2025-07-18 17:12:38.246801
Barry Wesley,saints,OT,,"7'9""",310,,,Colorado State,,,,,,,,,,,,,,nfl.com,2025-07-18 17:12:38.247051
Rejzohn Wright,saints,CB,25.0,"7'4""",193,,,Oregon State,,,,,,,,,,,,,,nfl.com,2025-07-18 17:12:38.248398
Marcus Yarns,saints,RB,34.0,"7'1""",190,,,Delaware,,,,,,,,,,,,,,nfl.com,2025-07-18 17:12:38.248637
Chase Young,saints,DE,99.0,"7'7""",265,,,Ohio State,,,,,,,,,,,,,,nfl.com,2025-07-18 17:12:38.249438
Isaac Yiadom,saints,CB,27.0,"7'3""",188,,,Boston College,,,,,,,,,,,,,,nfl.com,2025-07-18 17:12:38.249055
Landon Young,saints,OT,67.0,"7'9""",321,,,Kentucky,,,,,,,,,,,,,,nfl.com,2025-07-18 17:12:38.249603
Deonte Banks,giants,CB,2.0,"7'4""",200,,,Maryland,,,,,,,,,,,,,,nfl.com,2025-07-18 17:12:46.029165
Paulson Adebo,giants,CB,21.0,"7'3""",192,,,Stanford,,,,,,,,,,,,,,nfl.com,2025-07-18 17:12:46.028225
Rushawn Baker,giants,RB,36.0,"7'2""",225,,,Elon,,,,,,,,,,,,,,nfl.com,2025-07-18 17:12:46.028805
Darius Alexander,giants,DT,,"7'6""",310,,,Toledo,,,,,,,,,,,,,,nfl.com,2025-07-18 17:12:46.028551
Daniel Bellinger,giants,TE,82.0,"7'8""",255,,,San Diego State,,,,,,,,,,,,,,nfl.com,2025-07-18 17:12:46.030422
Dane Belton,giants,SAF,24.0,"7'3""",190,,,Iowa,,,,,,,,,,,,,,nfl.com,2025-07-18 17:12:46.030550
Korie Black,giants,CB,25.0,"7'2""",190,,,Oklahoma State,,,,,,,,,,,,,,nfl.com,2025-07-18 17:12:46.030695
Jordan Bly,giants,WR,12.0,"7'2""",166,,,Gardner-Webb,,,,,,,,,,,,,,nfl.com,2025-07-18 17:12:46.030822
Abdul Carter,giants,DE,,"7'5""",259,,,Penn State,,,,,,,,,,,,,,nfl.com,2025-07-18 17:12:46.032650
Dalen Cambre,giants,WR,5.0,"7'2""",192,,,Louisiana,,,,,,,,,,,,,,nfl.com,2025-07-18 17:12:46.032434
Elijah Chatman,giants,DT,94.0,"7'2""",278,,,SMU,,,,,,,,,,,,,,nfl.com,2025-07-18 17:12:46.033156
Chris Board,giants,LB,49.0,"7'4""",229,,,North Dakota State,,,,,,,,,,,,,,nfl.com,2025-07-18 17:12:46.031845
Beaux Collins,giants,WR,8.0,"7'5""",206,,,Notre Dame,,,,,,,,,,,,,,nfl.com,2025-07-18 17:12:46.033677
Brian Burns,giants,LB,7.0,"7'7""",250,,,Florida State,,,,,,,,,,,,,,nfl.com,2025-07-18 17:12:46.032250
DJ Davidson,giants,DT,98.0,"7'7""",320,,,Arizona State,,,,,,,,,,,,,,nfl.com,2025-07-18 17:12:46.034373
Tommy DeVito,giants,QB,15.0,"7'4""",210,,,Illinois,,,,,,,,,,,,,,nfl.com,2025-07-18 17:12:46.034693
Jaxson Dart,giants,QB,6.0,"7'4""",220,,,Mississippi,,,,,,,,,,,,,,nfl.com,2025-07-18 17:12:46.034171
Greg Dulcich,giants,TE,89.0,"7'6""",245,,,UCLA,,,,,,,,,,,,,,nfl.com,2025-07-18 17:12:46.035243
Victor Dimukeje,giants,LB,52.0,"7'4""",262,,,Duke,,,,,,,,,,,,,,nfl.com,2025-07-18 17:12:46.035083
Jermaine Eluemunor,giants,G,72.0,"7'6""",338,,,Texas A&M,,,,,,,,,,,,,,nfl.com,2025-07-18 17:12:46.035677
Cory Durden,giants,DT,69.0,"7'6""",305,,,N.C. State,,,,,,,,,,,,,,nfl.com,2025-07-18 17:12:46.035392
DaQuan Felton,giants,WR,9.0,"7'7""",216,,,Virginia Tech,,,,,,,,,,,,,,nfl.com,2025-07-18 17:12:46.036443
Thomas Fidone II,giants,TE,86.0,"7'8""",255,,,Nebraska,,,,,,,,,,,,,,nfl.com,2025-07-18 17:12:46.036604
Joshua Ezeudu,giants,G,75.0,"7'6""",310,,,North Carolina,,,,,,,,,,,,,,nfl.com,2025-07-18 17:12:46.036166
Cordale Flott,giants,CB,28.0,"7'3""",175,,,LSU,,,,,,,,,,,,,,nfl.com,2025-07-18 17:12:46.037084
Demetrius Flannigan-Fowles,giants,LB,44.0,"7'4""",210,,,Arizona,,,,,,,,,,,,,,nfl.com,2025-07-18 17:12:46.036792
Bryce Ford-Wheaton,giants,WR,88.0,"7'5""",220,,,West Virginia,,,,,,,,,,,,,,nfl.com,2025-07-18 17:12:46.037730
ODonnell Fortune,giants,CB,39.0,"7'3""",185,,,South Carolina,,,,,,,,,,,,,,nfl.com,2025-07-18 17:12:46.038207
Trace Ford,giants,LB,46.0,"7'4""",252,,,Oklahoma,,,,,,,,,,,,,,nfl.com,2025-07-18 17:12:46.037540
Graham Gano,giants,K,9.0,"7'4""",202,,,Florida State,,,,,,,,,,,,,,nfl.com,2025-07-18 17:12:46.038887
Stone Forsythe,giants,OT,70.0,"8'0""",307,,,Florida,,,,,,,,,,,,,,nfl.com,2025-07-18 17:12:46.038038
Eric Gray,giants,RB,20.0,"7'0""",210,,,Oklahoma,,,,,,,,,,,,,,nfl.com,2025-07-18 17:12:46.040530
Tomon Fox,giants,LB,45.0,"7'4""",245,,,North Carolina,,,,,,,,,,,,,,nfl.com,2025-07-18 17:12:46.038512
Jamie Gillan,giants,P,6.0,"7'3""",207,,,University of Arkansas at Pine Bluff,,,,,,,,,,,,,,nfl.com,2025-07-18 17:12:46.039796
Chauncey Golston,giants,DE,57.0,"7'7""",277,,,Iowa,,,,,,,,,,,,,,nfl.com,2025-07-18 17:12:46.040130
Elijah Garcia,giants,DE,90.0,"7'7""",302,,,Rice,,,,,,,,,,,,,,nfl.com,2025-07-18 17:12:46.039379
Art Green,giants,CB,35.0,"7'4""",201,,,Houston,,,,,,,,,,,,,,nfl.com,2025-07-18 17:12:46.040716
Tre Hawkins III,giants,CB,37.0,"7'5""",195,,,Old Dominion,,,,,,,,,,,,,,nfl.com,2025-07-18 17:12:46.040961
Jevon Holland,giants,SAF,8.0,"7'3""",207,,,Oregon,,,,,,,,,,,,,,nfl.com,2025-07-18 17:12:46.041277
Bryan Hudson,giants,C,60.0,"7'7""",305,,,Louisville,,,,,,,,,,,,,,nfl.com,2025-07-18 17:12:46.041553
Jalin Hyatt,giants,WR,13.0,"7'2""",185,,,Tennessee,,,,,,,,,,,,,,nfl.com,2025-07-18 17:12:46.042304
LilJordan Humphrey,giants,WR,81.0,"7'6""",225,,,Texas,,,,,,,,,,,,,,nfl.com,2025-07-18 17:12:46.042147
Theo Johnson,giants,TE,84.0,"7'8""",264,,,Penn State,,,,,,,,,,,,,,nfl.com,2025-07-18 17:12:46.042752
Anthony Johnson Jr.,giants,SAF,23.0,"7'2""",205,,,Iowa State,,,,,,,,,,,,,,nfl.com,2025-07-18 17:12:46.043192
Nic Jones,giants,CB,31.0,"7'2""",189,,,Ball State,,,,,,,,,,,,,,nfl.com,2025-07-18 17:12:46.043436
James Hudson,giants,OT,55.0,"7'7""",313,,,Cincinnati,,,,,,,,,,,,,,nfl.com,2025-07-18 17:12:46.041686
Dyontae Johnson,giants,LB,54.0,"7'4""",230,,,Toledo,,,,,,,,,,,,,,nfl.com,2025-07-18 17:12:46.042476
Casey Kreiter,giants,LS,59.0,"7'3""",250,,,Iowa,,,,,,,,,,,,,,nfl.com,2025-07-18 17:12:46.043879
Jake Kubas,giants,G,63.0,"7'6""",308,,,North Dakota State,,,,,,,,,,,,,,nfl.com,2025-07-18 17:12:46.044111
Dexter Lawrence,giants,DT,97.0,"7'6""",340,,,Clemson,,,,,,,,,,,,,,nfl.com,2025-07-18 17:12:46.044342
Raheem Layne,giants,SAF,43.0,"7'1""",192,,,Indiana,,,,,,,,,,,,,,nfl.com,2025-07-18 17:12:46.044601
Jeremiah Ledbetter,giants,DE,96.0,"7'5""",295,,,Arkansas,,,,,,,,,,,,,,nfl.com,2025-07-18 17:12:46.044795
Chris Manhertz,giants,TE,85.0,"7'8""",235,,,Canisius College,,,,,,,,,,,,,,nfl.com,2025-07-18 17:12:46.045009
Marcus Mbow,giants,G,71.0,"7'7""",300,,,Purdue,,,,,,,,,,,,,,nfl.com,2025-07-18 17:12:46.045230
Jude McAtamney,giants,K,99.0,"7'4""",205,,,Rutgers,,,,,,,,,,,,,,nfl.com,2025-07-18 17:12:46.045365
Dante Miller,giants,RB,25.0,"7'0""",200,,,South Carolina,,,,,,,,,,,,,,nfl.com,2025-07-18 17:12:46.045766
TJ Moore,giants,CB,,"7'2""",187,,,Mercer,,,,,,,,,,,,,,nfl.com,2025-07-18 17:12:46.046124
Jimmy Morrissey,giants,C,67.0,"7'6""",305,,,Pittsburgh,,,,,,,,,,,,,,nfl.com,2025-07-18 17:12:46.046300
Micah McFadden,giants,LB,41.0,"7'4""",232,,,Indiana,,,,,,,,,,,,,,nfl.com,2025-07-18 17:12:46.045571
Malik Nabers,giants,WR,1.0,"7'2""",200,,,LSU,,,,,,,,,,,,,,nfl.com,2025-07-18 17:12:46.046835
Tyler Nubin,giants,SAF,27.0,"7'4""",210,,,Minnesota,,,,,,,,,,,,,,nfl.com,2025-07-18 17:12:46.047276
Darius Muasau,giants,LB,53.0,"7'2""",234,,,UCLA,,,,,,,,,,,,,,nfl.com,2025-07-18 17:12:46.046534
Zach Pascal,giants,WR,83.0,"7'4""",219,,,Old Dominion,,,,,,,,,,,,,,nfl.com,2025-07-18 17:12:46.048572
Bobby Okereke,giants,ILB,58.0,"7'3""",235,,,Stanford,,,,,,,,,,,,,,nfl.com,2025-07-18 17:12:46.047995
Evan Neal,giants,OT,73.0,"7'9""",340,,,Alabama,,,,,,,,,,,,,,nfl.com,2025-07-18 17:12:46.047152
Makari Paige,giants,SAF,38.0,"7'6""",208,,,Michigan,,,,,,,,,,,,,,nfl.com,2025-07-18 17:12:46.048307
Rakeem Nunez-Roches,giants,DT,93.0,"7'4""",305,,,Southern Mississippi,,,,,,,,,,,,,,nfl.com,2025-07-18 17:12:46.047687
Andru Phillips,giants,DB,22.0,"7'1""",180,,,Kentucky,,,,,,,,,,,,,,nfl.com,2025-07-18 17:12:46.049670
Jordon Riley,giants,DT,95.0,"7'7""",315,,,Oregon,,,,,,,,,,,,,,nfl.com,2025-07-18 17:12:46.050126
Roy Robertson-Harris,giants,DE,99.0,"7'9""",268,,,Texas-El Paso,,,,,,,,,,,,,,nfl.com,2025-07-18 17:12:46.050380
WanDale Robinson,giants,WR,17.0,"6'8""",185,,,Kentucky,,,,,,,,,,,,,,nfl.com,2025-07-18 17:12:46.050621
Jon Runyan,giants,G,76.0,"7'6""",307,,,Michigan,,,,,,,,,,,,,,nfl.com,2025-07-18 17:12:46.050829
Austin Schlottmann,giants,G,65.0,"7'8""",300,,,TCU,,,,,,,,,,,,,,nfl.com,2025-07-18 17:12:46.051140
John Michael Schmitz,giants,C,61.0,"7'6""",320,,,Minnesota,,,,,,,,,,,,,,nfl.com,2025-07-18 17:12:46.051511
Devin Singletary,giants,RB,26.0,"6'7""",203,,,Florida Atlantic,,,,,,,,,,,,,,nfl.com,2025-07-18 17:12:46.051779
Cam Skattebo,giants,RB,,"7'1""",215,,,Arizona State,,,,,,,,,,,,,,nfl.com,2025-07-18 17:12:46.052157
Darius Slayton,giants,WR,18.0,"7'3""",198,,,Auburn,,,,,,,,,,,,,,nfl.com,2025-07-18 17:12:46.052328
Ihmir Smith-Marsette,giants,WR,87.0,"7'3""",185,,,Iowa,,,,,,,,,,,,,,nfl.com,2025-07-18 17:12:46.052634
Aaron Stinnie,giants,G,64.0,"7'5""",312,,,James Madison,,,,,,,,,,,,,,nfl.com,2025-07-18 17:12:46.052864
Jermaine Terry,giants,TE,48.0,"7'6""",245,,,Oregon State,,,,,,,,,,,,,,nfl.com,2025-07-18 17:12:46.053510
Kayvon Thibodeaux,giants,LB,5.0,"7'7""",258,,,Oregon,,,,,,,,,,,,,,nfl.com,2025-07-18 17:12:46.053661
Ty Summers,giants,LB,47.0,"7'3""",241,,,TCU,,,,,,,,,,,,,,nfl.com,2025-07-18 17:12:46.053223
Greg Van Roten,giants,G,74.0,"7'6""",295,,,Penn,,,,,,,,,,,,,,nfl.com,2025-07-18 17:12:46.054582
Tyrone Tracy Jr.,giants,RB,29.0,"7'1""",210,,,Purdue,,,,,,,,,,,,,,nfl.com,2025-07-18 17:12:46.054111
Montrell Washington,giants,WR,80.0,"7'0""",170,,,Samford,,,,,,,,,,,,,,nfl.com,2025-07-18 17:12:46.055125
Andrew Thomas,giants,OT,78.0,"7'7""",315,,,Georgia,,,,,,,,,,,,,,nfl.com,2025-07-18 17:12:46.053939
Antwane Wells Jr.,giants,WR,2.0,"7'2""",205,,,Mississippi,,,,,,,,,,,,,,nfl.com,2025-07-18 17:12:46.055603
Dee Williams,giants,CB,33.0,"7'0""",190,,,Tennessee,,,,,,,,,,,,,,nfl.com,2025-07-18 17:12:46.055826
Russell Wilson,giants,QB,3.0,"7'1""",206,,,Wisconsin,,,,,,,,,,,,,,nfl.com,2025-07-18 17:12:46.056370
Jameis Winston,giants,QB,19.0,"7'6""",231,,,Florida State,,,,,,,,,,,,,,nfl.com,2025-07-18 17:12:46.056561
Jaison Williams,giants,OT,68.0,"7'6""",320,,,Youngstown State,,,,,,,,,,,,,,nfl.com,2025-07-18 17:12:46.056048
Braelon Allen,jets,RB,,"7'3""",235,,,Wisconsin,,,,,,,,,,,,,,nfl.com,2025-07-18 17:12:53.904701
Zaire Barnes,jets,LB,53.0,"7'3""",227,,,Western Michigan,,,,,,,,,,,,,,nfl.com,2025-07-18 17:12:53.905190
Tony Adams,jets,SAF,22.0,"7'1""",203,,,Illinois,,,,,,,,,,,,,,nfl.com,2025-07-18 17:12:53.904309
Tyler Baron,jets,DE,94.0,"7'6""",258,,,Miami,,,,,,,,,,,,,,nfl.com,2025-07-18 17:12:53.905293
Andrew Beck,jets,RB,47.0,"7'5""",255,,,Texas,,,,,,,,,,,,,,nfl.com,2025-07-18 17:12:53.905783
Jarrick Bernard-Converse,jets,CB,29.0,"7'3""",205,,,LSU,,,,,,,,,,,,,,nfl.com,2025-07-18 17:12:53.906236
Kris Boyd,jets,DB,17.0,"7'1""",200,,,Texas,,,,,,,,,,,,,,nfl.com,2025-07-18 17:12:53.906362
Jared Bartlett,jets,LB,50.0,"7'4""",237,,,Cincinnati,,,,,,,,,,,,,,nfl.com,2025-07-18 17:12:53.905589
Michael Carter II,jets,CB,30.0,"7'0""",184,,,Duke,,,,,,,,,,,,,,nfl.com,2025-07-18 17:12:53.907379
Irvin Charles,jets,WR,19.0,"7'6""",219,,,"Indiana PA,  University of",,,,,,,,,,,,,,nfl.com,2025-07-18 17:12:53.907665
Andre Cisco,jets,SAF,8.0,"7'2""",210,,,Syracuse,,,,,,,,,,,,,,nfl.com,2025-07-18 17:12:53.907971
Dean Clark,jets,SAF,35.0,"7'3""",206,,,Fresno State,,,,,,,,,,,,,,nfl.com,2025-07-18 17:12:53.908254
Jordan Clark,jets,CB,33.0,"6'9""",184,,,Notre Dame,,,,,,,,,,,,,,nfl.com,2025-07-18 17:12:53.908515
Micheal Clemons,jets,DE,72.0,"7'7""",263,,,Texas A&M,,,,,,,,,,,,,,nfl.com,2025-07-18 17:12:53.908749
Brady Cook,jets,QB,4.0,"7'4""",215,,,Missouri,,,,,,,,,,,,,,nfl.com,2025-07-18 17:12:53.909090
Malachi Corley,jets,WR,6.0,"7'1""",215,,,Western Kentucky,,,,,,,,,,,,,,nfl.com,2025-07-18 17:12:53.909375
Byron Cowart,jets,DT,93.0,"7'5""",300,,,Maryland,,,,,,,,,,,,,,nfl.com,2025-07-18 17:12:53.909660
Caden Davis,jets,K,43.0,"7'4""",210,,,Mississippi,,,,,,,,,,,,,,nfl.com,2025-07-18 17:12:53.909936
Isaiah Davis,jets,RB,32.0,"7'3""",220,,,South Dakota State,,,,,,,,,,,,,,nfl.com,2025-07-18 17:12:53.910221
Donovan Edwards,jets,RB,40.0,"7'3""",212,,,Michigan,,,,,,,,,,,,,,nfl.com,2025-07-18 17:12:53.910594
Zach Evans,jets,RB,38.0,"7'1""",202,,,Mississippi,,,,,,,,,,,,,,nfl.com,2025-07-18 17:12:53.910771
Jamin Davis,jets,LB,52.0,"7'6""",234,,,Kentucky,,,,,,,,,,,,,,nfl.com,2025-07-18 17:12:53.910366
Justin Fields,jets,QB,7.0,"7'5""",227,,,Ohio State,,,,,,,,,,,,,,nfl.com,2025-07-18 17:12:53.911638
Michael Fletcher,jets,DE,77.0,"7'8""",275,,,Appalachian State,,,,,,,,,,,,,,nfl.com,2025-07-18 17:12:53.911884
Obinna Eze,jets,OT,68.0,"8'0""",325,,,TCU,,,,,,,,,,,,,,nfl.com,2025-07-18 17:12:53.911125
Olumuyiwa Fashanu,jets,OT,74.0,"7'8""",312,,,Penn State,,,,,,,,,,,,,,nfl.com,2025-07-18 17:12:53.911276
Sauce Gardner,jets,CB,1.0,"7'5""",190,,,Cincinnati,,,,,,,,,,,,,,nfl.com,2025-07-18 17:12:53.912502
Xavier Gipson,jets,WR,3.0,"6'9""",189,,,Stephen F. Austin State,,,,,,,,,,,,,,nfl.com,2025-07-18 17:12:53.912678
Breece Hall,jets,RB,20.0,"7'1""",217,,,Iowa State,,,,,,,,,,,,,,nfl.com,2025-07-18 17:12:53.912910
Gus Hartwig,jets,C,63.0,"7'7""",312,,,Purdue,,,,,,,,,,,,,,nfl.com,2025-07-18 17:12:53.913200
Marquis Hayes,jets,G,,"7'7""",318,,,Oklahoma,,,,,,,,,,,,,,nfl.com,2025-07-18 17:12:53.913599
Thomas Hennessy,jets,LS,42.0,"7'4""",246,,,Duke,,,,,,,,,,,,,,nfl.com,2025-07-18 17:12:53.913835
Neal Johnson,jets,TE,86.0,"7'6""",250,,,Louisiana,,,,,,,,,,,,,,nfl.com,2025-07-18 17:12:53.914071
Tyler Johnson,jets,WR,16.0,"7'3""",208,,,Minnesota,,,,,,,,,,,,,,nfl.com,2025-07-18 17:12:53.914430
Zack Kuntz,jets,TE,88.0,"8'0""",251,,,Old Dominion,,,,,,,,,,,,,,nfl.com,2025-07-18 17:12:53.915394
Kai Kroeger,jets,P,46.0,"7'6""",213,,,South Carolina,,,,,,,,,,,,,,nfl.com,2025-07-18 17:12:53.915218
Kingsley Jonathan,jets,DE,,"7'6""",260,,,Syracuse,,,,,,,,,,,,,,nfl.com,2025-07-18 17:12:53.915024
Allen Lazard,jets,WR,10.0,"7'7""",227,,,Iowa State,,,,,,,,,,,,,,nfl.com,2025-07-18 17:12:53.915804
Jermaine Johnson II,jets,LB,11.0,"7'7""",254,,,Florida State,,,,,,,,,,,,,,nfl.com,2025-07-18 17:12:53.914687
Kohl Levao,jets,OL,60.0,"7'8""",350,,,Hawaii,,,,,,,,,,,,,,nfl.com,2025-07-18 17:12:53.916392
Adrian Martinez,jets,QB,15.0,"7'4""",220,,,Kansas State,,,,,,,,,,,,,,nfl.com,2025-07-18 17:12:53.916735
Phidarian Mathis,jets,DT,98.0,"7'6""",312,,,Alabama,,,,,,,,,,,,,,nfl.com,2025-07-18 17:12:53.917088
Will McDonald IV,jets,DE,9.0,"7'6""",245,,,Iowa State,,,,,,,,,,,,,,nfl.com,2025-07-18 17:12:53.918625
Braiden McGregor,jets,DE,55.0,"7'8""",267,,,Michigan,,,,,,,,,,,,,,nfl.com,2025-07-18 17:12:53.918888
Austin McNamara,jets,P,14.0,"7'6""",204,,,Texas Tech,,,,,,,,,,,,,,nfl.com,2025-07-18 17:12:53.919185
Francisco Mauigoa,jets,LB,51.0,"7'4""",233,,,Miami,,,,,,,,,,,,,,nfl.com,2025-07-18 17:12:53.917276
Marcelino McCrary-Ball,jets,LB,41.0,"7'2""",214,,,Indiana,,,,,,,,,,,,,,nfl.com,2025-07-18 17:12:53.917488
Harrison Mevis,jets,K,,"7'1""",243,,,Missouri,,,,,,,,,,,,,,nfl.com,2025-07-18 17:12:53.920027
Dymere Miller,jets,WR,35.0,"7'1""",184,,,Rutgers,,,,,,,,,,,,,,nfl.com,2025-07-18 17:12:53.920308
Jarius Monroe,jets,SAF,25.0,"7'4""",205,,,Tulane,,,,,,,,,,,,,,nfl.com,2025-07-18 17:12:53.920857
Armand Membou,jets,OT,70.0,"7'6""",332,,,Missouri,,,,,,,,,,,,,,nfl.com,2025-07-18 17:12:53.919732
Malachi Moore,jets,SAF,27.0,"7'1""",196,,,Alabama,,,,,,,,,,,,,,nfl.com,2025-07-18 17:12:53.921250
Fatorma Mulbah,jets,DT,62.0,"7'6""",306,,,West Virginia,,,,,,,,,,,,,,nfl.com,2025-07-18 17:12:53.921418
Max Mitchell,jets,OT,61.0,"7'8""",307,,,Louisiana-Lafayette,,,,,,,,,,,,,,nfl.com,2025-07-18 17:12:53.920584
Josh Myers,jets,C,71.0,"7'7""",310,,,Ohio State,,,,,,,,,,,,,,nfl.com,2025-07-18 17:12:53.921816
Xavier Newman-Johnson,jets,G,65.0,"7'4""",297,,,Baylor,,,,,,,,,,,,,,nfl.com,2025-07-18 17:12:53.921980
Derrick Nnadi,jets,NT,91.0,"7'3""",317,,,Florida State,,,,,,,,,,,,,,nfl.com,2025-07-18 17:12:53.922357
Kene Nwangwu,jets,RB,34.0,"7'3""",210,,,Iowa State,,,,,,,,,,,,,,nfl.com,2025-07-18 17:12:53.922632
Isaiah Oliver,jets,CB,26.0,"7'2""",202,,,Colorado,,,,,,,,,,,,,,nfl.com,2025-07-18 17:12:53.923131
Payton Page,jets,DT,69.0,"7'6""",300,,,Clemson,,,,,,,,,,,,,,nfl.com,2025-07-18 17:12:53.923275
Jamaal Pritchett,jets,WR,36.0,"6'8""",175,,,South Alabama,,,,,,,,,,,,,,nfl.com,2025-07-18 17:12:53.923508
Josh Reynolds,jets,WR,83.0,"7'5""",192,,,Texas A&M,,,,,,,,,,,,,,nfl.com,2025-07-18 17:12:53.923744
Chukwuma Okorafor,jets,OT,79.0,"7'8""",320,,,Western Michigan,,,,,,,,,,,,,,nfl.com,2025-07-18 17:12:53.922830
Jaylin Simpson,jets,SAF,36.0,"7'2""",179,,,Auburn,,,,,,,,,,,,,,nfl.com,2025-07-18 17:12:53.924662
John Simpson,jets,G,76.0,"7'6""",330,,,Clemson,,,,,,,,,,,,,,nfl.com,2025-07-18 17:12:53.924852
Jackson Sirmon,jets,LB,49.0,"7'4""",240,,,California,,,,,,,,,,,,,,nfl.com,2025-07-18 17:12:53.925186
Jeremy Ruckert,jets,TE,89.0,"7'7""",250,,,Ohio State,,,,,,,,,,,,,,nfl.com,2025-07-18 17:12:53.924181
Jamien Sherwood,jets,LB,44.0,"7'4""",216,,,Auburn,,,,,,,,,,,,,,nfl.com,2025-07-18 17:12:53.924414
Quentin Skinner,jets,WR,39.0,"7'7""",195,,,Kansas,,,,,,,,,,,,,,nfl.com,2025-07-18 17:12:53.925763
Stone Smartt,jets,TE,84.0,"7'6""",226,,,Old Dominion,,,,,,,,,,,,,,nfl.com,2025-07-18 17:12:53.926055
Arian Smith,jets,WR,82.0,"7'2""",179,,,Georgia,,,,,,,,,,,,,,nfl.com,2025-07-18 17:12:53.926710
Brandon Smith,jets,WR,87.0,"7'3""",218,,,Iowa,,,,,,,,,,,,,,nfl.com,2025-07-18 17:12:53.926889
Brandon Stephens,jets,CB,21.0,"7'3""",215,,,SMU,,,,,,,,,,,,,,nfl.com,2025-07-18 17:12:53.927161
Qwantez Stiggers,jets,CB,37.0,"7'2""",197,,,,,,,,,,,,,,,,,nfl.com,2025-07-18 17:12:53.927422
Aaron Smith,jets,LB,48.0,"7'4""",230,,,South Carolina State,,,,,,,,,,,,,,nfl.com,2025-07-18 17:12:53.926454
Mason Taylor,jets,TE,,"7'7""",255,,,LSU,,,,,,,,,,,,,,nfl.com,2025-07-18 17:12:53.927759
Tyrod Taylor,jets,QB,2.0,"7'3""",217,,,Virginia Tech,,,,,,,,,,,,,,nfl.com,2025-07-18 17:12:53.928167
Leonard Taylor III,jets,DT,96.0,"7'5""",305,,,Miami,,,,,,,,,,,,,,nfl.com,2025-07-18 17:12:53.928389
Azareyeh Thomas,jets,CB,23.0,"7'3""",197,,,Florida State,,,,,,,,,,,,,,nfl.com,2025-07-18 17:12:53.928730
Joe Tippmann,jets,C,66.0,"7'8""",313,,,Wisconsin,,,,,,,,,,,,,,nfl.com,2025-07-18 17:12:53.928912
Jay Tufele,jets,DT,97.0,"7'5""",305,,,USC,,,,,,,,,,,,,,nfl.com,2025-07-18 17:12:53.929366
Alijah Vera-Tucker,jets,G,75.0,"7'7""",308,,,USC,,,,,,,,,,,,,,nfl.com,2025-07-18 17:12:53.929662
Eric Watts,jets,DE,58.0,"7'7""",277,,,Connecticut,,,,,,,,,,,,,,nfl.com,2025-07-18 17:12:53.930340
Rashad Weaver,jets,DE,99.0,"7'6""",259,,,Pittsburgh,,,,,,,,,,,,,,nfl.com,2025-07-18 17:12:53.930517
JaMarkis Weston n,jets,DE,54.0,"7'4""",235,,,Florida,,,,,,,,,,,,,,nfl.com,2025-07-18 17:12:53.930746
Carter Warren,jets,OT,67.0,"7'7""",311,,,Pittsburgh,,,,,,,,,,,,,,nfl.com,2025-07-18 17:12:53.930113
Quinnen Williams,jets,DT,95.0,"7'5""",303,,,Alabama,,,,,,,,,,,,,,nfl.com,2025-07-18 17:12:53.931609
Garrett Wilson,jets,WR,5.0,"7'2""",183,,,Ohio State,,,,,,,,,,,,,,nfl.com,2025-07-18 17:12:53.932256
Leander Wiegand,jets,OT,64.0,"7'7""",291,,,UCF,,,,,,,,,,,,,,nfl.com,2025-07-18 17:12:53.931147
Pokey Wilson,jets,WR,81.0,"7'2""",175,,,Florida State,,,,,,,,,,,,,,nfl.com,2025-07-18 17:12:53.932725
Quincy Williams,jets,LB,56.0,"7'1""",230,,,Murray State,,,,,,,,,,,,,,nfl.com,2025-07-18 17:12:53.932015
Brandon Aiyuk,49ers,WR,11.0,"7'2""",200,,,Arizona State,,,,,,,,,,,,,,nfl.com,2025-07-18 17:13:03.009614
Israel Abanikanda,49ers,RB,20.0,"7'0""",216,,,Pittsburgh,,,,,,,,,,,,,,nfl.com,2025-07-18 17:13:03.009205
Tre Avery,49ers,CB,36.0,"7'1""",181,,,Rutgers,,,,,,,,,,,,,,nfl.com,2025-07-18 17:13:03.010610
Ben Bartch,49ers,OT,78.0,"7'8""",315,,,St. John's (MN),,,,,,,,,,,,,,nfl.com,2025-07-18 17:13:03.010984
Evan Anderson,49ers,DL,69.0,"7'5""",326,,,Florida Atlantic,,,,,,,,,,,,,,nfl.com,2025-07-18 17:13:03.010268
Junior Bergen,49ers,WR,86.0,"6'9""",184,,,Montana,,,,,,,,,,,,,,nfl.com,2025-07-18 17:13:03.012472
Robert Beal Jr.,49ers,DE,51.0,"7'6""",250,,,Georgia,,,,,,,,,,,,,,nfl.com,2025-07-18 17:13:03.011084
Isaac Alarcon,49ers,OT,67.0,"7'9""",320,,,,,,,,,,,,,,,,,nfl.com,2025-07-18 17:13:03.010188
Tatum Bethune,49ers,LB,48.0,"7'2""",230,,,Florida State,,,,,,,,,,,,,,nfl.com,2025-07-18 17:13:03.012867
Nick Bosa,49ers,DE,97.0,"7'6""",266,,,Ohio State,,,,,,,,,,,,,,nfl.com,2025-07-18 17:13:03.014019
Jake Brendel,49ers,C,64.0,"7'6""",299,,,UCLA,,,,,,,,,,,,,,nfl.com,2025-07-18 17:13:03.014261
JiAyir Brown,49ers,SAF,27.0,"7'1""",202,,,Penn State,,,,,,,,,,,,,,nfl.com,2025-07-18 17:13:03.014482
Connor Colby,49ers,G,75.0,"7'7""",309,,,Iowa,,,,,,,,,,,,,,nfl.com,2025-07-18 17:13:03.015911
Stone Blanton,49ers,LB,50.0,"7'3""",227,,,Mississippi State,,,,,,,,,,,,,,nfl.com,2025-07-18 17:13:03.013713
Derrick Canteen,49ers,SAF,40.0,"7'1""",197,,,Cincinnati,,,,,,,,,,,,,,nfl.com,2025-07-18 17:13:03.015701
Alfred Collins,49ers,DT,,"7'7""",320,,,Texas,,,,,,,,,,,,,,nfl.com,2025-07-18 17:13:03.016139
Tre Brown,49ers,CB,22.0,"7'0""",185,,,Oklahoma,,,,,,,,,,,,,,nfl.com,2025-07-18 17:13:03.014864
Jacob Cowing,49ers,WR,19.0,"6'9""",170,,,Arizona,,,,,,,,,,,,,,nfl.com,2025-07-18 17:13:03.016343
Spencer Burford,49ers,OT,74.0,"7'6""",300,,,Texas-San Antonio,,,,,,,,,,,,,,nfl.com,2025-07-18 17:13:03.015337
Kalia Davis,49ers,DT,93.0,"7'4""",310,,,UCF,,,,,,,,,,,,,,nfl.com,2025-07-18 17:13:03.016755
Ross Dwelley,49ers,TE,82.0,"7'7""",235,,,San Diego,,,,,,,,,,,,,,nfl.com,2025-07-18 17:13:03.017341
Jordan Elliott,49ers,DT,92.0,"7'6""",302,,,Missouri,,,,,,,,,,,,,,nfl.com,2025-07-18 17:13:03.017552
Luke Farrell,49ers,TE,89.0,"7'7""",250,,,Ohio State,,,,,,,,,,,,,,nfl.com,2025-07-18 17:13:03.017778
Dallis Flowers,49ers,CB,35.0,"7'3""",196,,,Pittsburg State (KS),,,,,,,,,,,,,,nfl.com,2025-07-18 17:13:03.018095
Andre Dillard,49ers,OT,65.0,"7'7""",315,,,Washington State,,,,,,,,,,,,,,nfl.com,2025-07-18 17:13:03.017124
Russell Gage,49ers,WR,84.0,"7'2""",184,,,LSU,,,,,,,,,,,,,,nfl.com,2025-07-18 17:13:03.018524
Jonathan Garvin,49ers,DE,96.0,"7'6""",257,,,Miami,,,,,,,,,,,,,,nfl.com,2025-07-18 17:13:03.018745
Renardo Green,49ers,CB,,"7'2""",186,,,Florida State,,,,,,,,,,,,,,nfl.com,2025-07-18 17:13:03.020000
Richie Grant,49ers,SAF,24.0,"7'2""",200,,,UCF,,,,,,,,,,,,,,nfl.com,2025-07-18 17:13:03.019736
Kevin Givens,49ers,DT,90.0,"7'3""",285,,,Penn State,,,,,,,,,,,,,,nfl.com,2025-07-18 17:13:03.019295
Luke Gifford,49ers,LB,57.0,"7'5""",242,,,Nebraska,,,,,,,,,,,,,,nfl.com,2025-07-18 17:13:03.018878
Yetur Gross-Matos,49ers,DE,94.0,"7'7""",265,,,Penn State,,,,,,,,,,,,,,nfl.com,2025-07-18 17:13:03.020596
Jalen Graham,49ers,LB,41.0,"7'5""",220,,,Purdue,,,,,,,,,,,,,,nfl.com,2025-07-18 17:13:03.019535
Isaiah Hodgins,49ers,WR,18.0,"7'5""",201,,,Oregon State,,,,,,,,,,,,,,nfl.com,2025-07-18 17:13:03.022562
Matt Hennessy,49ers,C,61.0,"7'5""",315,,,Temple,,,,,,,,,,,,,,nfl.com,2025-07-18 17:13:03.021884
Tre Tomlinson,49ers,CB,,"6'9""",177,,,TCU,,,,,,,,,,,,,,nfl.com,2025-07-18 17:13:03.022325
Isaac Guerendo,49ers,RB,31.0,"7'2""",221,,,Louisville,,,,,,,,,,,,,,nfl.com,2025-07-18 17:13:03.021013
Jauan Jennings,49ers,WR,15.0,"7'5""",212,,,Tennessee,,,,,,,,,,,,,,nfl.com,2025-07-18 17:13:03.025907
Zack Johnson,49ers,G,69.0,"7'8""",301,,,North Dakota State,,,,,,,,,,,,,,nfl.com,2025-07-18 17:13:03.026200
Tarron Jackson,49ers,DE,59.0,"7'4""",254,,,Coastal Carolina,,,,,,,,,,,,,,nfl.com,2025-07-18 17:13:03.023413
Jordan James,49ers,RB,29.0,"6'9""",208,,,Oregon,,,,,,,,,,,,,,nfl.com,2025-07-18 17:13:03.024504
Mac Jones,49ers,QB,10.0,"7'5""",220,,,Alabama,,,,,,,,,,,,,,nfl.com,2025-07-18 17:13:03.026688
Greg Joseph,49ers,K,40.0,"7'2""",206,,,Florida Atlantic,,,,,,,,,,,,,,nfl.com,2025-07-18 17:13:03.027281
Kyle Juszczyk,49ers,FB,44.0,"7'4""",235,,,Harvard,,,,,,,,,,,,,,nfl.com,2025-07-18 17:13:03.027540
Corey Kiner,49ers,RB,49.0,"6'9""",210,,,Cincinnati,,,,,,,,,,,,,,nfl.com,2025-07-18 17:13:03.027858
George Kittle,49ers,TE,85.0,"7'6""",250,,,Iowa,,,,,,,,,,,,,,nfl.com,2025-07-18 17:13:03.028144
Malik Knowles,49ers,WR,,"7'4""",196,,,Kansas State,,,,,,,,,,,,,,nfl.com,2025-07-18 17:13:03.028386
Darrell Luter Jr.,49ers,CB,28.0,"7'2""",190,,,South Alabama,,,,,,,,,,,,,,nfl.com,2025-07-18 17:13:03.029375
Chase Lucas,49ers,CB,26.0,"7'1""",184,,,Arizona State,,,,,,,,,,,,,,nfl.com,2025-07-18 17:13:03.029145
Deommodore Lenoir,49ers,CB,2.0,"7'0""",200,,,Oregon,,,,,,,,,,,,,,nfl.com,2025-07-18 17:13:03.028661
Jaylen Mahoney,49ers,SAF,38.0,"7'1""",200,,,Vanderbilt,,,,,,,,,,,,,,nfl.com,2025-07-18 17:13:03.029546
Christian McCaffrey,49ers,RB,23.0,"7'1""",210,,,Stanford,,,,,,,,,,,,,,nfl.com,2025-07-18 17:13:03.030584
Jake Moody,49ers,K,4.0,"7'3""",210,,,Michigan,,,,,,,,,,,,,,nfl.com,2025-07-18 17:13:03.031293
Bryce Huff,49ers,DE,,"7'5""",255,,,Memphis,,,,,,,,,,,,,,nfl.com,2025-07-18 17:13:03.022820
Thomas Morstead,49ers,P,6.0,"7'6""",225,,,SMU,,,,,,,,,,,,,,nfl.com,2025-07-18 17:13:03.031786
Drew Moss,49ers,OL,55.0,"7'5""",303,,,Colorado State,,,,,,,,,,,,,,nfl.com,2025-07-18 17:13:03.032168
Tanner Mordecai,49ers,QB,4.0,"7'4""",218,,,Wisconsin,,,,,,,,,,,,,,nfl.com,2025-07-18 17:13:03.031509
Malik Mustapha,49ers,SAF,6.0,"7'0""",206,,,Wake Forest,,,,,,,,,,,,,,nfl.com,2025-07-18 17:13:03.032530
Nick Martin,49ers,LB,45.0,"7'1""",221,,,Oklahoma State,,,,,,,,,,,,,,nfl.com,2025-07-18 17:13:03.030235
Siran Neal,49ers,DB,33.0,"7'2""",206,,,Jacksonville State,,,,,,,,,,,,,,nfl.com,2025-07-18 17:13:03.032757
Isaiah Neyor,49ers,WR,14.0,"7'6""",218,,,Nebraska,,,,,,,,,,,,,,nfl.com,2025-07-18 17:13:03.033213
Drake Nugent,49ers,C,66.0,"7'3""",300,,,Michigan,,,,,,,,,,,,,,nfl.com,2025-07-18 17:13:03.033452
Terique Owens,49ers,WR,83.0,"7'5""",200,,,Missouri State,,,,,,,,,,,,,,nfl.com,2025-07-18 17:13:03.033950
Sam Okuayinonu,49ers,DT,91.0,"7'3""",269,,,Maryland,,,,,,,,,,,,,,nfl.com,2025-07-18 17:13:03.033730
George Odum,49ers,SAF,30.0,"7'3""",202,,,Central Arkansas,,,,,,,,,,,,,,nfl.com,2025-07-18 17:13:03.033575
Ricky Pearsall,49ers,WR,14.0,"7'5""",189,,,Florida,,,,,,,,,,,,,,nfl.com,2025-07-18 17:13:03.034195
Jason Pinnock,49ers,CB,25.0,"7'2""",205,,,Pittsburgh,,,,,,,,,,,,,,nfl.com,2025-07-18 17:13:03.034473
Austen Pleasants,49ers,OL,62.0,"7'9""",330,,,Ohio,,,,,,,,,,,,,,nfl.com,2025-07-18 17:13:03.034706
Mason Pline,49ers,TE,89.0,"7'9""",260,,,Furman,,,,,,,,,,,,,,nfl.com,2025-07-18 17:13:03.034956
Brock Purdy,49ers,QB,13.0,"7'3""",220,,,Iowa State,,,,,,,,,,,,,,nfl.com,2025-07-18 17:13:03.035518
Sebastian Gutierrez,49ers,OT,60.0,"7'8""",308,,,Minot State University,,,,,,,,,,,,,,nfl.com,2025-07-18 17:13:03.021599
Curtis Robinson,49ers,LB,36.0,"7'5""",235,,,Stanford,,,,,,,,,,,,,,nfl.com,2025-07-18 17:13:03.035853
Demarcus Robinson,49ers,WR,5.0,"7'3""",203,,,Florida,,,,,,,,,,,,,,nfl.com,2025-07-18 17:13:03.036517
Jakob Robinson,49ers,CB,49.0,"7'0""",181,,,BYU,,,,,,,,,,,,,,nfl.com,2025-07-18 17:13:03.037044
Kurtis Rourke,49ers,QB,4.0,"7'7""",231,,,Indiana,,,,,,,,,,,,,,nfl.com,2025-07-18 17:13:03.037585
Dominick Puni,49ers,OT,77.0,"7'7""",313,,,Kansas,,,,,,,,,,,,,,nfl.com,2025-07-18 17:13:03.035152
Marques Sigle,49ers,SAF,36.0,"7'1""",199,,,Kansas State,,,,,,,,,,,,,,nfl.com,2025-07-18 17:13:03.042202
Upton Stout,49ers,CB,20.0,"6'9""",182,,,Western Kentucky,,,,,,,,,,,,,,nfl.com,2025-07-18 17:13:03.042545
Patrick Taylor,49ers,RB,32.0,"7'3""",217,,,Memphis,,,,,,,,,,,,,,nfl.com,2025-07-18 17:13:03.043368
Colton McKivitz,49ers,OT,68.0,"7'8""",301,,,West Virginia,,,,,,,,,,,,,,nfl.com,2025-07-18 17:13:03.030820
Jake Tonges,49ers,TE,88.0,"7'6""",240,,,California,,,,,,,,,,,,,,nfl.com,2025-07-18 17:13:03.044656
Chazz Surratt,49ers,LB,55.0,"7'4""",233,,,North Carolina,,,,,,,,,,,,,,nfl.com,2025-07-18 17:13:03.043028
Trent Taylor,49ers,WR,81.0,"6'8""",180,,,Louisiana Tech,,,,,,,,,,,,,,nfl.com,2025-07-18 17:13:03.044091
Fred Warner,49ers,MLB,54.0,"7'5""",230,,,BYU,,,,,,,,,,,,,,nfl.com,2025-07-18 17:13:03.045630
Sebastian Valdez,49ers,DE,65.0,"7'5""",301,,,Washington,,,,,,,,,,,,,,nfl.com,2025-07-18 17:13:03.045145
Jordan Watkins,49ers,WR,17.0,"7'1""",196,,,Mississippi,,,,,,,,,,,,,,nfl.com,2025-07-18 17:13:03.046212
Brayden Willis,49ers,TE,9.0,"7'6""",240,,,Oklahoma,,,,,,,,,,,,,,nfl.com,2025-07-18 17:13:03.047812
CJ West,49ers,DT,,"7'4""",317,,,Indiana,,,,,,,,,,,,,,nfl.com,2025-07-18 17:13:03.046840
Mykel Williams,49ers,DE,98.0,"7'9""",265,,,Georgia,,,,,,,,,,,,,,nfl.com,2025-07-18 17:13:03.047258
Trent Williams,49ers,OT,71.0,"7'7""",320,,,Oklahoma,,,,,,,,,,,,,,nfl.com,2025-07-18 17:13:03.047604
Dee Winters,49ers,LB,53.0,"7'1""",227,,,TCU,,,,,,,,,,,,,,nfl.com,2025-07-18 17:13:03.048310
Jon Weeks,49ers,LS,46.0,"7'0""",245,,,Baylor,,,,,,,,,,,,,,nfl.com,2025-07-18 17:13:03.046516
Nick Zakelj,49ers,OT,63.0,"7'8""",316,,,Fordham,,,,,,,,,,,,,,nfl.com,2025-07-18 17:13:03.048516
AJ Barner,seahawks,TE,88.0,"7'8""",251,,,Michigan,,,,,,,,,,,,,,nfl.com,2025-07-18 17:13:12.206555
Zy Alexander,seahawks,CB,17.0,"7'3""",187,,,LSU,,,,,,,,,,,,,,nfl.com,2025-07-18 17:13:12.206040
DAnthony Bell,seahawks,SAF,23.0,"7'3""",211,,,University of West Florida,,,,,,,,,,,,,,nfl.com,2025-07-18 17:13:12.206908
Elijah Arroyo,seahawks,TE,18.0,"7'7""",254,,,Miami,,,,,,,,,,,,,,nfl.com,2025-07-18 17:13:12.206327
Jake Bobo,seahawks,WR,19.0,"7'6""",207,,,UCLA,,,,,,,,,,,,,,nfl.com,2025-07-18 17:13:12.207531
Quinton Bohanna,seahawks,DT,92.0,"7'6""",330,,,Kentucky,,,,,,,,,,,,,,nfl.com,2025-07-18 17:13:12.207653
Anthony Bradford,seahawks,G,75.0,"7'7""",332,,,LSU,,,,,,,,,,,,,,nfl.com,2025-07-18 17:13:12.207778
Tyrone Broden,seahawks,WR,33.0,"7'7""",194,,,Arkansas,,,,,,,,,,,,,,nfl.com,2025-07-18 17:13:12.208069
Coby Bryant,seahawks,SAF,8.0,"7'3""",193,,,Cincinnati,,,,,,,,,,,,,,nfl.com,2025-07-18 17:13:12.212516
Bryce Cabeldue,seahawks,G,77.0,"7'6""",306,,,Kansas,,,,,,,,,,,,,,nfl.com,2025-07-18 17:13:12.213005
Anthony Campbell,seahawks,DT,,"7'9""",300,,,Miami,,,,,,,,,,,,,,nfl.com,2025-07-18 17:13:12.213271
Zach Charbonnet,seahawks,RB,26.0,"7'3""",214,,,UCLA,,,,,,,,,,,,,,nfl.com,2025-07-18 17:13:12.213659
Sam Darnold,seahawks,QB,14.0,"7'5""",225,,,USC,,,,,,,,,,,,,,nfl.com,2025-07-18 17:13:12.214514
Michael Dickson,seahawks,P,4.0,"7'4""",208,,,Texas,,,,,,,,,,,,,,nfl.com,2025-07-18 17:13:12.214731
Nick Emmanwori,seahawks,SAF,3.0,"7'5""",220,,,South Carolina,,,,,,,,,,,,,,nfl.com,2025-07-18 17:13:12.215303
Seth Coleman,seahawks,LB,43.0,"7'5""",246,,,Illinois,,,,,,,,,,,,,,nfl.com,2025-07-18 17:13:12.213901
Charles Cross,seahawks,OT,67.0,"7'7""",311,,,Mississippi State,,,,,,,,,,,,,,nfl.com,2025-07-18 17:13:12.214268
Noah Fant,seahawks,TE,87.0,"7'6""",249,,,Iowa,,,,,,,,,,,,,,nfl.com,2025-07-18 17:13:12.215862
Luke Felix-Fualalo,seahawks,OL,,"8'0""",310,,,Hawaii,,,,,,,,,,,,,,nfl.com,2025-07-18 17:13:12.216020
AJ Finley,seahawks,SAF,30.0,"7'2""",188,,,Mississippi,,,,,,,,,,,,,,nfl.com,2025-07-18 17:13:12.216248
Montorie Foster Jr,seahawks,WR,35.0,"7'1""",188,,,Michigan State,,,,,,,,,,,,,,nfl.com,2025-07-18 17:13:12.216529
Shaquill Griffin,seahawks,CB,,"7'2""",198,,,UCF,,,,,,,,,,,,,,nfl.com,2025-07-18 17:13:12.217166
Tyler Hall,seahawks,CB,33.0,"7'0""",190,,,Wyoming,,,,,,,,,,,,,,nfl.com,2025-07-18 17:13:12.217598
Johnathan Hankins,seahawks,DT,97.0,"7'5""",335,,,Ohio State,,,,,,,,,,,,,,nfl.com,2025-07-18 17:13:12.217843
Jalan Gaines,seahawks,LB,56.0,"7'5""",242,,,Illinois State,,,,,,,,,,,,,,nfl.com,2025-07-18 17:13:12.216817
Christian Haynes,seahawks,G,64.0,"7'5""",318,,,Connecticut,,,,,,,,,,,,,,nfl.com,2025-07-18 17:13:12.218209
Derick Hall,seahawks,LB,58.0,"7'5""",254,,,Auburn,,,,,,,,,,,,,,nfl.com,2025-07-18 17:13:12.217358
George Holani,seahawks,RB,36.0,"7'1""",210,,,Boise State,,,,,,,,,,,,,,nfl.com,2025-07-18 17:13:12.218682
Tory Horton,seahawks,WR,15.0,"7'4""",196,,,Colorado State,,,,,,,,,,,,,,nfl.com,2025-07-18 17:13:12.218843
Josh Jobe,seahawks,CB,29.0,"7'1""",190,,,Alabama,,,,,,,,,,,,,,nfl.com,2025-07-18 17:13:12.220020
Shemar Jean-Charles,seahawks,CB,34.0,"7'0""",184,,,Appalachian State,,,,,,,,,,,,,,nfl.com,2025-07-18 17:13:12.219545
Michael Jerrell,seahawks,OT,65.0,"7'7""",294,,,Findlay,,,,,,,,,,,,,,nfl.com,2025-07-18 17:13:12.219762
DEryk Jackson,seahawks,LB,46.0,"7'3""",237,,,Kentucky,,,,,,,,,,,,,,nfl.com,2025-07-18 17:13:12.219379
Jared Ivey,seahawks,LB,51.0,"7'8""",274,,,Mississippi,,,,,,,,,,,,,,nfl.com,2025-07-18 17:13:12.219190
Ernest Jones,seahawks,LB,13.0,"7'4""",230,,,South Carolina,,,,,,,,,,,,,,nfl.com,2025-07-18 17:13:12.220243
Josh Jones,seahawks,OT,74.0,"7'9""",339,,,Houston,,,,,,,,,,,,,,nfl.com,2025-07-18 17:13:12.220552
Nick Kallerup,seahawks,TE,89.0,"7'7""",266,,,Minnesota,,,,,,,,,,,,,,nfl.com,2025-07-18 17:13:12.220954
Cooper Kupp,seahawks,WR,10.0,"7'4""",205,,,Eastern Washington,,,,,,,,,,,,,,nfl.com,2025-07-18 17:13:12.222340
DeMarcus Lawrence,seahawks,DE,,"7'5""",254,,,Boise State,,,,,,,,,,,,,,nfl.com,2025-07-18 17:13:12.223620
Marshall Lang,seahawks,TE,49.0,"7'6""",249,,,Northwestern,,,,,,,,,,,,,,nfl.com,2025-07-18 17:13:12.222896
Sataoa Laumea,seahawks,G,63.0,"7'6""",319,,,Utah,,,,,,,,,,,,,,nfl.com,2025-07-18 17:13:12.223258
Tyrice Knight,seahawks,LB,48.0,"7'2""",233,,,Texas-El Paso,,,,,,,,,,,,,,nfl.com,2025-07-18 17:13:12.222102
Amari Kight,seahawks,OT,79.0,"7'8""",299,,,UCF,,,,,,,,,,,,,,nfl.com,2025-07-18 17:13:12.221356
Drew Lock,seahawks,QB,2.0,"7'6""",228,,,Missouri,,,,,,,,,,,,,,nfl.com,2025-07-18 17:13:12.223907
Julian Love,seahawks,SAF,20.0,"7'1""",195,,,Notre Dame,,,,,,,,,,,,,,nfl.com,2025-07-18 17:13:12.224405
Kenny McIntosh,seahawks,RB,25.0,"7'2""",204,,,Georgia,,,,,,,,,,,,,,nfl.com,2025-07-18 17:13:12.225463
Federico Maranges,seahawks,C,62.0,"7'5""",302,,,Florida Atlantic,,,,,,,,,,,,,,nfl.com,2025-07-18 17:13:12.224824
Damien Martinez,seahawks,RB,22.0,"7'2""",217,,,Miami,,,,,,,,,,,,,,nfl.com,2025-07-18 17:13:12.225226
Rylie Mills,seahawks,DT,98.0,"7'7""",290,,,Notre Dame,,,,,,,,,,,,,,nfl.com,2025-07-18 17:13:12.228140
Boye Mafe,seahawks,LB,53.0,"7'6""",261,,,Minnesota,,,,,,,,,,,,,,nfl.com,2025-07-18 17:13:12.224667
Mike Morris,seahawks,DE,94.0,"7'8""",295,,,Michigan,,,,,,,,,,,,,,nfl.com,2025-07-18 17:13:12.229130
Abraham Lucas,seahawks,OT,72.0,"7'8""",322,,,Washington State,,,,,,,,,,,,,,nfl.com,2025-07-18 17:13:12.224554
Byron Murphy II,seahawks,DT,91.0,"7'2""",306,,,Texas,,,,,,,,,,,,,,nfl.com,2025-07-18 17:13:12.229856
Ty Okada,seahawks,SAF,39.0,"7'1""",193,,,Montana State,,,,,,,,,,,,,,nfl.com,2025-07-18 17:13:12.231521
Olu Oluwatimi,seahawks,C,55.0,"7'5""",309,,,Michigan,,,,,,,,,,,,,,nfl.com,2025-07-18 17:13:12.231725
Uchenna Nwosu,seahawks,LB,7.0,"7'4""",265,,,USC,,,,,,,,,,,,,,nfl.com,2025-07-18 17:13:12.230737
Jason Myers,seahawks,K,5.0,"7'0""",190,,,Marist,,,,,,,,,,,,,,nfl.com,2025-07-18 17:13:12.230105
Nehemiah Pritchett,seahawks,CB,28.0,"7'2""",190,,,Auburn,,,,,,,,,,,,,,nfl.com,2025-07-18 17:13:12.234549
Connor OToole,seahawks,LB,57.0,"7'5""",248,,,Utah,,,,,,,,,,,,,,nfl.com,2025-07-18 17:13:12.233061
Jerrick Reed II,seahawks,SAF,32.0,"6'9""",196,,,New Mexico,,,,,,,,,,,,,,nfl.com,2025-07-18 17:13:12.235077
Brandon Pili,seahawks,DT,95.0,"7'5""",334,,,USC,,,,,,,,,,,,,,nfl.com,2025-07-18 17:13:12.234070
Robbie Ouzts,seahawks,RB,40.0,"7'5""",274,,,Alabama,,,,,,,,,,,,,,nfl.com,2025-07-18 17:13:12.233596
Josh Ross,seahawks,LB,47.0,"7'2""",229,,,Michigan,,,,,,,,,,,,,,nfl.com,2025-07-18 17:13:12.235771
Brady Russell,seahawks,FB,38.0,"7'5""",250,,,Colorado,,,,,,,,,,,,,,nfl.com,2025-07-18 17:13:12.236252
Mason Richman,seahawks,G,78.0,"7'7""",307,,,Iowa,,,,,,,,,,,,,,nfl.com,2025-07-18 17:13:12.235533
Jamie Sheriff,seahawks,LB,44.0,"7'3""",254,,,South Alabama,,,,,,,,,,,,,,nfl.com,2025-07-18 17:13:12.236665
John Rhys Plumlee,seahawks,WR,17.0,"7'2""",200,,,UCF,,,,,,,,,,,,,,nfl.com,2025-07-18 17:13:12.235242
J.R. Singleton,seahawks,DT,70.0,"7'3""",299,,,Iowa State,,,,,,,,,,,,,,nfl.com,2025-07-18 17:13:12.237241
Patrick OConnell,seahawks,LB,52.0,"7'3""",227,,,Montana,,,,,,,,,,,,,,nfl.com,2025-07-18 17:13:12.231176
Eric Saubert,seahawks,TE,81.0,"7'7""",253,,,Drake,,,,,,,,,,,,,,nfl.com,2025-07-18 17:13:12.236472
Steven Sims,seahawks,WR,84.0,"7'0""",190,,,Kansas,,,,,,,,,,,,,,nfl.com,2025-07-18 17:13:12.236854
Jarran Reed,seahawks,DT,90.0,"7'5""",306,,,Alabama,,,,,,,,,,,,,,nfl.com,2025-07-18 17:13:12.234781
Jaxon Smith-Njigba,seahawks,WR,11.0,"7'2""",197,,,Ohio State,,,,,,,,,,,,,,nfl.com,2025-07-18 17:13:12.237875
Chris Stoll,seahawks,LS,41.0,"7'4""",255,,,Penn State,,,,,,,,,,,,,,nfl.com,2025-07-18 17:13:12.238226
Jalen Sundell,seahawks,C,61.0,"7'7""",300,,,North Dakota State,,,,,,,,,,,,,,nfl.com,2025-07-18 17:13:12.238547
Drake Thomas,seahawks,LB,42.0,"7'1""",228,,,N.C. State,,,,,,,,,,,,,,nfl.com,2025-07-18 17:13:12.238816
Marquez Valdes-Scantling,seahawks,WR,1.0,"7'6""",206,,,University of South Florida,,,,,,,,,,,,,,nfl.com,2025-07-18 17:13:12.240114
Cody White,seahawks,WR,82.0,"7'5""",215,,,Michigan State,,,,,,,,,,,,,,nfl.com,2025-07-18 17:13:12.241534
Tyreke Smith,seahawks,LB,59.0,"7'5""",255,,,Ohio State,,,,,,,,,,,,,,nfl.com,2025-07-18 17:13:12.237570
Ricky White III,seahawks,WR,86.0,"7'3""",184,,,UNLV,,,,,,,,,,,,,,nfl.com,2025-07-18 17:13:12.241893
WyKevious Thomas,seahawks,DL,69.0,"7'4""",301,,,South Alabama,,,,,,,,,,,,,,nfl.com,2025-07-18 17:13:12.239596
Leonard Williams,seahawks,DE,99.0,"7'7""",310,,,USC,,,,,,,,,,,,,,nfl.com,2025-07-18 17:13:12.242295
Damarion Williams,seahawks,CB,37.0,"7'0""",183,,,Houston,,,,,,,,,,,,,,nfl.com,2025-07-18 17:13:12.242693
Devon Witherspoon,seahawks,CB,21.0,"7'2""",185,,,Illinois,,,,,,,,,,,,,,nfl.com,2025-07-18 17:13:12.243046
Riq Woolen,seahawks,CB,27.0,"7'6""",210,,,Texas-San Antonio,,,,,,,,,,,,,,nfl.com,2025-07-18 17:13:12.243348
Kenneth Walker III,seahawks,RB,9.0,"6'9""",211,,,Michigan State,,,,,,,,,,,,,,nfl.com,2025-07-18 17:13:12.240687
Isas Waxter,seahawks,DB,36.0,"7'3""",205,,,Villanova,,,,,,,,,,,,,,nfl.com,2025-07-18 17:13:12.240831
Jacardia Wright,seahawks,RB,31.0,"7'2""",220,,,Missouri State,,,,,,,,,,,,,,nfl.com,2025-07-18 17:13:12.243652
Dareke Young,seahawks,WR,83.0,"7'4""",224,,,Lenoir Rhyne,,,,,,,,,,,,,,nfl.com,2025-07-18 17:13:12.243890
Grey Zabel,seahawks,G,76.0,"7'8""",316,,,North Dakota State,,,,,,,,,,,,,,nfl.com,2025-07-18 17:13:12.244405
Calvin Anderson,steelers,OT,67.0,"7'7""",300,,,Texas,,,,,,,,,,,,,,nfl.com,2025-07-18 17:13:20.881142
Tucker Addington,steelers,LS,,"7'4""",228,,,Sam Houston State,,,,,,,,,,,,,,nfl.com,2025-07-18 17:13:20.880825
Spencer Anderson,steelers,G,74.0,"7'7""",305,,,Maryland,,,,,,,,,,,,,,nfl.com,2025-07-18 17:13:20.881453
Calvin Austin III,steelers,WR,19.0,"6'9""",162,,,Memphis,,,,,,,,,,,,,,nfl.com,2025-07-18 17:13:20.881818
Keeanu Benton,steelers,DT,95.0,"7'6""",309,,,Wisconsin,,,,,,,,,,,,,,nfl.com,2025-07-18 17:13:20.882243
Beanie Bishop Jr.,steelers,CB,31.0,"6'9""",182,,,West Virginia,,,,,,,,,,,,,,nfl.com,2025-07-18 17:13:20.884131
Yahya Black,steelers,DE,78.0,"7'7""",336,,,Iowa,,,,,,,,,,,,,,nfl.com,2025-07-18 17:13:20.887208
Chris Boswell,steelers,K,9.0,"7'4""",185,,,Rice,,,,,,,,,,,,,,nfl.com,2025-07-18 17:13:20.887409
Nick Broeker,steelers,G,64.0,"7'6""",305,,,Mississippi,,,,,,,,,,,,,,nfl.com,2025-07-18 17:13:20.887482
Sebastian Castro,steelers,SAF,29.0,"7'1""",203,,,Iowa,,,,,,,,,,,,,,nfl.com,2025-07-18 17:13:20.887712
Brandin Echols,steelers,CB,26.0,"7'0""",179,,,Kentucky,,,,,,,,,,,,,,nfl.com,2025-07-18 17:13:20.888576
Domenique Davis,steelers,DT,69.0,"7'4""",326,,,UNC Pembroke,,,,,,,,,,,,,,nfl.com,2025-07-18 17:13:20.888303
Daniel Ekuale,steelers,DT,96.0,"7'5""",300,,,Washington State,,,,,,,,,,,,,,nfl.com,2025-07-18 17:13:20.889138
Dylan Cook,steelers,OT,60.0,"7'8""",305,,,Montana,,,,,,,,,,,,,,nfl.com,2025-07-18 17:13:20.887847
DeShon Elliott,steelers,SAF,25.0,"7'3""",210,,,Texas,,,,,,,,,,,,,,nfl.com,2025-07-18 17:13:20.889547
Carson Bruener,steelers,LB,44.0,"7'4""",226,,,Washington,,,,,,,,,,,,,,nfl.com,2025-07-18 17:13:20.887571
Troy Fautanu,steelers,OT,76.0,"7'6""",317,,,Washington,,,,,,,,,,,,,,nfl.com,2025-07-18 17:13:20.889815
Zach Frazier,steelers,C,54.0,"7'5""",310,,,West Virginia,,,,,,,,,,,,,,nfl.com,2025-07-18 17:13:20.890406
Pat Freiermuth,steelers,TE,88.0,"7'7""",258,,,Penn State,,,,,,,,,,,,,,nfl.com,2025-07-18 17:13:20.890657
Kenneth Gainwell,steelers,RB,21.0,"6'9""",200,,,Memphis,,,,,,,,,,,,,,nfl.com,2025-07-18 17:13:20.891009
JJ Galbreath,steelers,TE,87.0,"7'6""",240,,,South Dakota,,,,,,,,,,,,,,nfl.com,2025-07-18 17:13:20.891192
Derrick Harmon,steelers,DT,99.0,"7'6""",313,,,Oregon,,,,,,,,,,,,,,nfl.com,2025-07-18 17:13:20.891376
Malik Harrison,steelers,LB,50.0,"7'5""",247,,,Ohio State,,,,,,,,,,,,,,nfl.com,2025-07-18 17:13:20.891846
Connor Heyward,steelers,TE,83.0,"7'2""",230,,,Michigan State,,,,,,,,,,,,,,nfl.com,2025-07-18 17:13:20.892605
Devin Harper,steelers,LB,40.0,"7'2""",234,,,Oklahoma State,,,,,,,,,,,,,,nfl.com,2025-07-18 17:13:20.891593
Nick Herbig,steelers,LB,51.0,"7'4""",240,,,Wisconsin,,,,,,,,,,,,,,nfl.com,2025-07-18 17:13:20.892058
Cameron Heyward,steelers,DT,97.0,"7'7""",295,,,Ohio State,,,,,,,,,,,,,,nfl.com,2025-07-18 17:13:20.892441
Will Howard,steelers,QB,18.0,"7'6""",235,,,Ohio State,,,,,,,,,,,,,,nfl.com,2025-07-18 17:13:20.893769
Evan Hull,steelers,RB,38.0,"7'0""",209,,,Northwestern,,,,,,,,,,,,,,nfl.com,2025-07-18 17:13:20.894149
Alex Highsmith,steelers,LB,56.0,"7'6""",242,,,Charlotte,,,,,,,,,,,,,,nfl.com,2025-07-18 17:13:20.893269
Max Hurleman,steelers,RB,34.0,"7'1""",200,,,Notre Dame,,,,,,,,,,,,,,nfl.com,2025-07-18 17:13:20.894537
Cole Holcomb,steelers,LB,55.0,"7'3""",240,,,North Carolina,,,,,,,,,,,,,,nfl.com,2025-07-18 17:13:20.893543
DShawn Jamison,steelers,DB,5.0,"6'9""",186,,,Texas,,,,,,,,,,,,,,nfl.com,2025-07-18 17:13:20.895019
Brandon Johnson,steelers,WR,11.0,"7'4""",195,,,UCF,,,,,,,,,,,,,,nfl.com,2025-07-18 17:13:20.895390
Kaleb Johnson,steelers,RB,20.0,"7'2""",225,,,Iowa,,,,,,,,,,,,,,nfl.com,2025-07-18 17:13:20.895660
Quindell Johnson,steelers,DB,,"7'3""",205,,,Memphis,,,,,,,,,,,,,,nfl.com,2025-07-18 17:13:20.895876
Cameron Johnston,steelers,P,5.0,"7'1""",194,,,Ohio State,,,,,,,,,,,,,,nfl.com,2025-07-18 17:13:20.896238
Steven Jones,steelers,G,79.0,"7'7""",340,,,Oregon,,,,,,,,,,,,,,nfl.com,2025-07-18 17:13:20.896604
Donte Kent,steelers,CB,34.0,"7'0""",189,,,Central Michigan,,,,,,,,,,,,,,nfl.com,2025-07-18 17:13:20.896851
Miles Killebrew,steelers,SAF,28.0,"7'4""",222,,,Southern Utah State,,,,,,,,,,,,,,nfl.com,2025-07-18 17:13:20.897216
Christian Kuntz,steelers,LS,46.0,"7'3""",228,,,Duquesne,,,,,,,,,,,,,,nfl.com,2025-07-18 17:13:20.897461
Broderick Jones,steelers,OT,77.0,"7'7""",311,,,Georgia,,,,,,,,,,,,,,nfl.com,2025-07-18 17:13:20.896450
DeMarvin Leal,steelers,DE,98.0,"7'6""",290,,,Texas A&M,,,,,,,,,,,,,,nfl.com,2025-07-18 17:13:20.898021
Logan Lee,steelers,DT,91.0,"7'7""",286,,,Iowa,,,,,,,,,,,,,,nfl.com,2025-07-18 17:13:20.898220
Montana Lemonious-Craig,steelers,WR,21.0,"7'4""",194,,,Arizona,,,,,,,,,,,,,,nfl.com,2025-07-18 17:13:20.898524
Isaiahh Loudermilk,steelers,DE,92.0,"7'9""",293,,,Wisconsin,,,,,,,,,,,,,,nfl.com,2025-07-18 17:13:20.898833
Dean Lowry,steelers,DT,94.0,"7'8""",296,,,Northwestern,,,,,,,,,,,,,,nfl.com,2025-07-18 17:13:20.899106
Lance McCutcheon,steelers,WR,82.0,"7'5""",202,,,Montana State,,,,,,,,,,,,,,nfl.com,2025-07-18 17:13:20.900175
Mason McCormick,steelers,G,66.0,"7'7""",315,,,South Dakota State,,,,,,,,,,,,,,nfl.com,2025-07-18 17:13:20.899600
Eku Leota,steelers,LB,53.0,"7'6""",257,,,Auburn,,,,,,,,,,,,,,nfl.com,2025-07-18 17:13:20.898673
Cameron McCutcheon,steelers,CB,35.0,"7'3""",204,,,Western Carolina,,,,,,,,,,,,,,nfl.com,2025-07-18 17:13:20.899898
Kyler McMichael,steelers,DB,37.0,"7'2""",210,,,North Carolina,,,,,,,,,,,,,,nfl.com,2025-07-18 17:13:20.900416
DK Metcalf,steelers,WR,4.0,"7'6""",229,,,Mississippi,,,,,,,,,,,,,,nfl.com,2025-07-18 17:13:20.900631
Scott Miller,steelers,WR,13.0,"6'9""",174,,,Bowling Green,,,,,,,,,,,,,,nfl.com,2025-07-18 17:13:20.900851
Ryan McCollum,steelers,C,62.0,"7'7""",300,,,Texas A&M,,,,,,,,,,,,,,nfl.com,2025-07-18 17:13:20.899383
Jeremiah Moon,steelers,LB,49.0,"7'7""",247,,,Florida,,,,,,,,,,,,,,nfl.com,2025-07-18 17:13:20.901119
Doug Nester,steelers,G,72.0,"7'8""",306,,,West Virginia,,,,,,,,,,,,,,nfl.com,2025-07-18 17:13:20.901410
Esezi Otomewo,steelers,DE,72.0,"7'7""",282,,,Minnesota,,,,,,,,,,,,,,nfl.com,2025-07-18 17:13:20.901603
Donald Parham,steelers,TE,89.0,"8'0""",237,,,Stetson,,,,,,,,,,,,,,nfl.com,2025-07-18 17:13:20.901767
Cordarrelle Patterson,steelers,WR,84.0,"7'4""",220,,,Tennessee,,,,,,,,,,,,,,nfl.com,2025-07-18 17:13:20.902030
Joey Porter Jr.,steelers,CB,24.0,"7'4""",194,,,Penn State,,,,,,,,,,,,,,nfl.com,2025-07-18 17:13:20.902590
Aaron Rodgers,steelers,QB,,"7'4""",223,,,California,,,,,,,,,,,,,,nfl.com,2025-07-18 17:13:20.903653
Jalen Ramsey,steelers,CB,,"7'3""",208,,,Florida State,,,,,,,,,,,,,,nfl.com,2025-07-18 17:13:20.903137
James Pierre,steelers,CB,42.0,"7'4""",185,,,Florida Atlantic,,,,,,,,,,,,,,nfl.com,2025-07-18 17:13:20.902288
Mark Robinson,steelers,LB,93.0,"7'1""",235,,,Mississippi,,,,,,,,,,,,,,nfl.com,2025-07-18 17:13:20.903360
Mason Rudolph,steelers,QB,2.0,"7'7""",235,,,Oklahoma State,,,,,,,,,,,,,,nfl.com,2025-07-18 17:13:20.903890
Ben Sauls,steelers,K,29.0,"6'9""",182,,,Pittsburgh,,,,,,,,,,,,,,nfl.com,2025-07-18 17:13:20.904168
Max Scharping,steelers,G,64.0,"7'8""",327,,,Northern Illinois,,,,,,,,,,,,,,nfl.com,2025-07-18 17:13:20.904746
Patrick Queen,steelers,LB,6.0,"7'2""",232,,,LSU,,,,,,,,,,,,,,nfl.com,2025-07-18 17:13:20.902897
Trey Sermon,steelers,RB,27.0,"7'2""",215,,,Ohio State,,,,,,,,,,,,,,nfl.com,2025-07-18 17:13:20.905232
Isaac Seumalo,steelers,G,73.0,"7'6""",303,,,Oregon State,,,,,,,,,,,,,,nfl.com,2025-07-18 17:13:20.905577
Jack Sawyer,steelers,LB,33.0,"7'6""",260,,,Ohio State,,,,,,,,,,,,,,nfl.com,2025-07-18 17:13:20.904424
Ben Skowronek,steelers,WR,15.0,"7'5""",224,,,Notre Dame,,,,,,,,,,,,,,nfl.com,2025-07-18 17:13:20.906345
Jacob Slade,steelers,DT,79.0,"7'6""",305,,,Michigan State,,,,,,,,,,,,,,nfl.com,2025-07-18 17:13:20.906542
Darius Slay,steelers,CB,23.0,"7'2""",192,,,Mississippi State,,,,,,,,,,,,,,nfl.com,2025-07-18 17:13:20.906814
Jonnu Smith,steelers,TE,,"7'5""",248,,,Florida International,,,,,,,,,,,,,,nfl.com,2025-07-18 17:13:20.907085
Roc Taylor,steelers,WR,81.0,"7'3""",213,,,Memphis,,,,,,,,,,,,,,nfl.com,2025-07-18 17:13:20.907226
DJ Thomas-Jones,steelers,FB,48.0,"7'4""",256,,,South Alabama,,,,,,,,,,,,,,nfl.com,2025-07-18 17:13:20.907370
Juan Thornhill,steelers,SAF,22.0,"7'2""",205,,,Virginia,,,,,,,,,,,,,,nfl.com,2025-07-18 17:13:20.907606
Skylar Thompson,steelers,QB,17.0,"7'4""",219,,,Kansas State,,,,,,,,,,,,,,nfl.com,2025-07-18 17:13:20.907898
Cory Trice Jr.,steelers,CB,27.0,"7'5""",206,,,Purdue,,,,,,,,,,,,,,nfl.com,2025-07-18 17:13:20.908161
Corliss Waitman,steelers,P,8.0,"7'4""",210,,,South Alabama,,,,,,,,,,,,,,nfl.com,2025-07-18 17:13:20.908426
Jaylen Warren,steelers,RB,30.0,"6'8""",215,,,Oklahoma State,,,,,,,,,,,,,,nfl.com,2025-07-18 17:13:20.908883
Darnell Washington,steelers,TE,80.0,"7'9""",265,,,Georgia,,,,,,,,,,,,,,nfl.com,2025-07-18 17:13:20.909108
T.J. Watt,steelers,OLB,90.0,"7'6""",252,,,Wisconsin,,,,,,,,,,,,,,nfl.com,2025-07-18 17:13:20.909302
Julius Welschof,steelers,LB,45.0,"7'8""",265,,,Charlotte,,,,,,,,,,,,,,nfl.com,2025-07-18 17:13:20.909563
Aiden Williams,steelers,G,71.0,"7'7""",314,,,Duluth/University of Minnesota,,,,,,,,,,,,,,nfl.com,2025-07-18 17:13:20.910051
KeShawn Williams,steelers,WR,85.0,"6'9""",189,,,Indiana,,,,,,,,,,,,,,nfl.com,2025-07-18 17:13:20.910249
Roman Wilson,steelers,WR,10.0,"7'0""",186,,,Michigan,,,,,,,,,,,,,,nfl.com,2025-07-18 17:13:20.910640
Robert Woods,steelers,WR,16.0,"7'2""",190,,,USC,,,,,,,,,,,,,,nfl.com,2025-07-18 17:13:20.910871
Payton Wilson,steelers,LB,41.0,"7'6""",242,,,N.C. State,,,,,,,,,,,,,,nfl.com,2025-07-18 17:13:20.910458
Gareth Warren,steelers,OT,69.0,"7'8""",333,,,Lindenwood,,,,,,,,,,,,,,nfl.com,2025-07-18 17:13:20.908674
Brandon Allen,titans,QB,10.0,"7'4""",209,,,Arkansas,,,,,,,,,,,,,,nfl.com,2025-07-18 17:13:28.615134
Elic Ayomanor,titans,WR,5.0,"7'4""",206,,,Stanford,,,,,,,,,,,,,,nfl.com,2025-07-18 17:13:28.615555
Darrell Baker Jr.,titans,CB,39.0,"7'3""",190,,,Georgia Southern,,,,,,,,,,,,,,nfl.com,2025-07-18 17:13:28.616038
Kendell Brooks,titans,SAF,33.0,"7'2""",206,,,Michigan State,,,,,,,,,,,,,,nfl.com,2025-07-18 17:13:28.618750
Mike Brown,titans,SAF,44.0,"7'3""",218,,,Miami (Ohio),,,,,,,,,,,,,,nfl.com,2025-07-18 17:13:28.619707
Tim Boyle,titans,QB,15.0,"7'6""",232,,,Eastern Kentucky,,,,,,,,,,,,,,nfl.com,2025-07-18 17:13:28.618287
Jarvis Brownlee Jr.,titans,CB,29.0,"7'0""",194,,,Louisville,,,,,,,,,,,,,,nfl.com,2025-07-18 17:13:28.620106
Cody Barton,titans,LB,50.0,"7'4""",237,,,Utah,,,,,,,,,,,,,,nfl.com,2025-07-18 17:13:28.616279
Philip Blidi,titans,DL,95.0,"7'5""",284,,,Auburn,,,,,,,,,,,,,,nfl.com,2025-07-18 17:13:28.616538
Treylon Burks,titans,WR,16.0,"7'4""",225,,,Arkansas,,,,,,,,,,,,,,nfl.com,2025-07-18 17:13:28.621739
Chandler Brewer,titans,OT,67.0,"7'8""",320,,,Middle Tennessee State,,,,,,,,,,,,,,nfl.com,2025-07-18 17:13:28.618586
Keondre Coburn,titans,DT,91.0,"7'4""",332,,,Texas,,,,,,,,,,,,,,nfl.com,2025-07-18 17:13:28.625585
Amari Burney,titans,LB,58.0,"7'4""",228,,,Florida,,,,,,,,,,,,,,nfl.com,2025-07-18 17:13:28.622570
Lorenzo Carter,titans,LB,54.0,"7'7""",264,,,Georgia,,,,,,,,,,,,,,nfl.com,2025-07-18 17:13:28.622772
Morgan Cox,titans,LS,46.0,"7'6""",233,,,Tennessee,,,,,,,,,,,,,,nfl.com,2025-07-18 17:13:28.625941
Julius Chestnut,titans,RB,36.0,"7'1""",228,,,Sacred Heart University,,,,,,,,,,,,,,nfl.com,2025-07-18 17:13:28.623385
Lloyd Cushenberry III,titans,C,79.0,"7'6""",315,,,LSU,,,,,,,,,,,,,,nfl.com,2025-07-18 17:13:28.627344
Jaelyn Duncan,titans,OT,71.0,"7'8""",306,,,Maryland,,,,,,,,,,,,,,nfl.com,2025-07-18 17:13:28.628859
Colton Dowell,titans,WR,14.0,"7'5""",212,,,Tennessee-Martin,,,,,,,,,,,,,,nfl.com,2025-07-18 17:13:28.628521
Drake Dabney,titans,TE,86.0,"7'7""",246,,,TCU,,,,,,,,,,,,,,nfl.com,2025-07-18 17:13:28.627710
Chimere Dike,titans,WR,17.0,"7'3""",196,,,Florida,,,,,,,,,,,,,,nfl.com,2025-07-18 17:13:28.627902
Desmond Evans,titans,LB,56.0,"7'8""",252,,,North Carolina,,,,,,,,,,,,,,nfl.com,2025-07-18 17:13:28.629333
Brandon Crenshaw-Dickson,titans,OT,78.0,"7'9""",316,,,Florida,,,,,,,,,,,,,,nfl.com,2025-07-18 17:13:28.627055
Blake Hance,titans,OL,73.0,"7'7""",310,,,Northwestern,,,,,,,,,,,,,,nfl.com,2025-07-18 17:13:28.631381
Ali Gaye,titans,LB,99.0,"7'8""",265,,,LSU,,,,,,,,,,,,,,nfl.com,2025-07-18 17:13:28.630198
Marcus Harris,titans,CB,26.0,"7'1""",188,,,California,,,,,,,,,,,,,,nfl.com,2025-07-18 17:13:28.633603
Cedric Gray,titans,LB,51.0,"7'4""",235,,,North Carolina,,,,,,,,,,,,,,nfl.com,2025-07-18 17:13:28.631003
Jermari Harris,titans,CB,28.0,"7'3""",191,,,Iowa,,,,,,,,,,,,,,nfl.com,2025-07-18 17:13:28.633331
Amani Hooker,titans,SAF,37.0,"7'1""",210,,,Iowa,,,,,,,,,,,,,,nfl.com,2025-07-18 17:13:28.635376
Cam Horsley,titans,DT,72.0,"7'5""",312,,,Boston College,,,,,,,,,,,,,,nfl.com,2025-07-18 17:13:28.635681
Gunnar Helm,titans,TE,84.0,"7'7""",241,,,Texas,,,,,,,,,,,,,,nfl.com,2025-07-18 17:13:28.634571
Jaylen Harrell,titans,LB,92.0,"7'6""",247,,,Michigan,,,,,,,,,,,,,,nfl.com,2025-07-18 17:13:28.633093
David Gbenda,titans,LB,48.0,"7'2""",236,,,Texas,,,,,,,,,,,,,,nfl.com,2025-07-18 17:13:28.630450
Johnny Hekker,titans,P,3.0,"7'7""",225,,,Oregon State,,,,,,,,,,,,,,nfl.com,2025-07-18 17:13:28.634346
JhaQuan Jackson,titans,WR,19.0,"6'9""",188,,,Tulane,,,,,,,,,,,,,,nfl.com,2025-07-18 17:13:28.636076
Van Jefferson,titans,WR,11.0,"7'3""",200,,,Florida,,,,,,,,,,,,,,nfl.com,2025-07-18 17:13:28.637302
Brenden Jaimes,titans,OT,66.0,"7'7""",300,,,Nebraska,,,,,,,,,,,,,,nfl.com,2025-07-18 17:13:28.636970
Gabe Jeudy-Lally,titans,CB,32.0,"7'3""",189,,,Tennessee,,,,,,,,,,,,,,nfl.com,2025-07-18 17:13:28.637984
Sebastian Joseph-Day,titans,DE,69.0,"7'6""",310,,,Rutgers,,,,,,,,,,,,,,nfl.com,2025-07-18 17:13:28.638991
DreMont Jones,titans,LB,45.0,"7'5""",281,,,Ohio State,,,,,,,,,,,,,,nfl.com,2025-07-18 17:13:28.638363
Curtis Jacobs,titans,LB,57.0,"7'3""",241,,,Penn State,,,,,,,,,,,,,,nfl.com,2025-07-18 17:13:28.636481
Jalen Kimber,titans,CB,35.0,"7'2""",190,,,Penn State,,,,,,,,,,,,,,nfl.com,2025-07-18 17:13:28.640396
Mason Kinsey,titans,WR,12.0,"7'1""",200,,,Berry College,,,,,,,,,,,,,,nfl.com,2025-07-18 17:13:28.640884
Will Levis,titans,QB,8.0,"7'6""",229,,,Kentucky,,,,,,,,,,,,,,nfl.com,2025-07-18 17:13:28.642866
Corey Levin,titans,G,62.0,"7'6""",307,,,Tennessee-Chattanooga,,,,,,,,,,,,,,nfl.com,2025-07-18 17:13:28.642184
Arden Key,titans,LB,49.0,"7'7""",240,,,LSU,,,,,,,,,,,,,,nfl.com,2025-07-18 17:13:28.639703
JC Latham,titans,OT,55.0,"7'8""",342,,,Alabama,,,,,,,,,,,,,,nfl.com,2025-07-18 17:13:28.641327
David Martin-Robinson,titans,TE,88.0,"7'5""",247,,,Temple,,,,,,,,,,,,,,nfl.com,2025-07-18 17:13:28.656108
Roger McCreary,titans,CB,21.0,"7'1""",190,,,Auburn,,,,,,,,,,,,,,nfl.com,2025-07-18 17:13:28.656710
Jordan Mims,titans,RB,,"7'2""",205,,,Fresno State,,,,,,,,,,,,,,nfl.com,2025-07-18 17:13:28.657131
James Lynch,titans,DT,97.0,"7'6""",295,,,Baylor,,,,,,,,,,,,,,nfl.com,2025-07-18 17:13:28.652512
Clarence Lewis,titans,CB,36.0,"7'1""",201,,,Syracuse,,,,,,,,,,,,,,nfl.com,2025-07-18 17:13:28.643633
Dan Moore Jr.,titans,OT,75.0,"7'7""",315,,,Texas A&M,,,,,,,,,,,,,,nfl.com,2025-07-18 17:13:28.657553
Titus Leo,titans,LB,90.0,"7'5""",250,,,Wagner,,,,,,,,,,,,,,nfl.com,2025-07-18 17:13:28.641638
Kalel Mullings,titans,RB,28.0,"7'4""",226,,,Michigan,,,,,,,,,,,,,,nfl.com,2025-07-18 17:13:28.659345
Sam Mustipher,titans,C,60.0,"7'4""",306,,,Notre Dame,,,,,,,,,,,,,,nfl.com,2025-07-18 17:13:28.667132
Tyler Lockett,titans,WR,4.0,"7'0""",182,,,Kansas State,,,,,,,,,,,,,,nfl.com,2025-07-18 17:13:28.643942
Thomas Odukoya,titans,TE,89.0,"7'8""",253,,,Eastern Michigan,,,,,,,,,,,,,,nfl.com,2025-07-18 17:13:28.668088
Chig Okonkwo,titans,TE,85.0,"7'5""",238,,,Maryland,,,,,,,,,,,,,,nfl.com,2025-07-18 17:13:28.672740
Bryce Oliver,titans,WR,80.0,"7'3""",214,,,Youngstown State,,,,,,,,,,,,,,nfl.com,2025-07-18 17:13:28.676874
Devonte OMalley,titans,DT,68.0,"7'5""",284,,,Northern Illinois,,,,,,,,,,,,,,nfl.com,2025-07-18 17:13:28.677410
Oluwafemi Oladejo,titans,LB,53.0,"7'5""",259,,,UCLA,,,,,,,,,,,,,,nfl.com,2025-07-18 17:13:28.673360
Amani Oruwariye,titans,CB,42.0,"7'4""",205,,,Penn State,,,,,,,,,,,,,,nfl.com,2025-07-18 17:13:28.679819
Mark Perry,titans,SAF,30.0,"7'2""",215,,,TCU,,,,,,,,,,,,,,nfl.com,2025-07-18 17:13:28.687126
Tony Pollard,titans,RB,20.0,"7'2""",209,,,Memphis,,,,,,,,,,,,,,nfl.com,2025-07-18 17:13:28.688299
Isaiah Raikes,titans,DT,76.0,"7'3""",310,,,Auburn,,,,,,,,,,,,,,nfl.com,2025-07-18 17:13:28.689142
Xavier Restrepo,titans,WR,87.0,"7'0""",202,,,Miami,,,,,,,,,,,,,,nfl.com,2025-07-18 17:13:28.689991
Calvin Ridley,titans,WR,,"7'3""",190,,,Alabama,,,,,,,,,,,,,,nfl.com,2025-07-18 17:13:28.690424
John Ojukwu,titans,OT,61.0,"7'7""",309,,,Boise State,,,,,,,,,,,,,,nfl.com,2025-07-18 17:13:28.672263
Otis Reese,titans,LB,41.0,"7'5""",214,,,Mississippi,,,,,,,,,,,,,,nfl.com,2025-07-18 17:13:28.689540
Davion Ross,titans,CB,40.0,"7'0""",177,,,Memphis,,,,,,,,,,,,,,nfl.com,2025-07-18 17:13:28.691212
Anfernee Orji,titans,LB,59.0,"7'4""",230,,,Vanderbilt,,,,,,,,,,,,,,nfl.com,2025-07-18 17:13:28.679205
James Proche,titans,WR,13.0,"7'1""",193,,,SMU,,,,,,,,,,,,,,nfl.com,2025-07-18 17:13:28.688652
T.J. Sheffield,titans,WR,82.0,"7'0""",188,,,Connecticut,,,,,,,,,,,,,,nfl.com,2025-07-18 17:13:28.692561
Jeffery Simmons,titans,DT,98.0,"7'6""",305,,,Mississippi State,,,,,,,,,,,,,,nfl.com,2025-07-18 17:13:28.692811
Jackson Slater,titans,G,64.0,"7'5""",311,,,Sacramento State,,,,,,,,,,,,,,nfl.com,2025-07-18 17:13:28.693368
Andrew Rupcich,titans,OT,76.0,"7'8""",318,,,Culver-Stockton College,,,,,,,,,,,,,,nfl.com,2025-07-18 17:13:28.692192
Joey Slye,titans,K,6.0,"7'1""",213,,,Virginia Tech,,,,,,,,,,,,,,nfl.com,2025-07-18 17:13:28.694608
LJarius Sneed,titans,CB,38.0,"7'3""",192,,,Louisiana Tech,,,,,,,,,,,,,,nfl.com,2025-07-18 17:13:28.694842
Peter Skoronski,titans,OT,77.0,"7'6""",313,,,Northwestern,,,,,,,,,,,,,,nfl.com,2025-07-18 17:13:28.693096
Tyjae Spears,titans,RB,2.0,"7'1""",195,,,Tulane,,,,,,,,,,,,,,nfl.com,2025-07-18 17:13:28.695257
TVondre Sweat,titans,DT,93.0,"7'6""",366,,,Texas,,,,,,,,,,,,,,nfl.com,2025-07-18 17:13:28.696227
Cameron Ward,titans,QB,1.0,"7'4""",219,,,Miami,,,,,,,,,,,,,,nfl.com,2025-07-18 17:13:28.697694
Carlos Watkins,titans,DE,96.0,"7'5""",305,,,Clemson,,,,,,,,,,,,,,nfl.com,2025-07-18 17:13:28.697971
Josh Whyle,titans,TE,81.0,"7'9""",248,,,Cincinnati,,,,,,,,,,,,,,nfl.com,2025-07-18 17:13:28.698311
Olisaemeka Udoh,titans,OT,72.0,"7'8""",320,,,Elon,,,,,,,,,,,,,,nfl.com,2025-07-18 17:13:28.696606
Kevin Winston Jr.,titans,SAF,23.0,"7'4""",213,,,Penn State,,,,,,,,,,,,,,nfl.com,2025-07-18 17:13:28.699823
Julius Wood,titans,DB,24.0,"7'3""",194,,,East Carolina,,,,,,,,,,,,,,nfl.com,2025-07-18 17:13:28.700085
Xavier Woods,titans,FS,25.0,"7'1""",200,,,Louisiana Tech,,,,,,,,,,,,,,nfl.com,2025-07-18 17:13:28.700268
James Williams,titans,LB,52.0,"7'6""",232,,,Miami,,,,,,,,,,,,,,nfl.com,2025-07-18 17:13:28.699323
Kevin Zeitler,titans,G,70.0,"7'6""",332,,,Wisconsin,,,,,,,,,,,,,,nfl.com,2025-07-18 17:13:28.701208
Nick Allegretti,commanders,G,67.0,"7'6""",320,,,Illinois,,,,,,,,,,,,,,nfl.com,2025-07-18 17:13:36.541589
Kazmeir Allen,commanders,RB,24.0,"6'8""",176,,,UCLA,,,,,,,,,,,,,,nfl.com,2025-07-18 17:13:36.541939
Trey Amos,commanders,CB,,"7'3""",190,,,Mississippi,,,,,,,,,,,,,,nfl.com,2025-07-18 17:13:36.542111
Dorance Armstrong,commanders,DE,92.0,"7'6""",255,,,Kansas,,,,,,,,,,,,,,nfl.com,2025-07-18 17:13:36.542431
Ricky Barber,commanders,DT,66.0,"7'5""",295,,,UCF,,,,,,,,,,,,,,nfl.com,2025-07-18 17:13:36.542737
John Bates,commanders,TE,87.0,"7'8""",259,,,Boise State,,,,,,,,,,,,,,nfl.com,2025-07-18 17:13:36.543636
Tyler Biadasz,commanders,C,63.0,"7'6""",318,,,Wisconsin,,,,,,,,,,,,,,nfl.com,2025-07-18 17:13:36.544457
Kam Arnold,commanders,LB,46.0,"7'3""",229,,,Boston College,,,,,,,,,,,,,,nfl.com,2025-07-18 17:13:36.542505
JaCorey Brooks,commanders,WR,16.0,"7'5""",195,,,Louisville,,,,,,,,,,,,,,nfl.com,2025-07-18 17:13:36.545016
Brandon Coleman,commanders,G,74.0,"7'8""",320,,,TCU,,,,,,,,,,,,,,nfl.com,2025-07-18 17:13:36.546788
Nick Bellore,commanders,LB,57.0,"7'3""",250,,,Central Michigan,,,,,,,,,,,,,,nfl.com,2025-07-18 17:13:36.544022
Percy Butler,commanders,SAF,35.0,"7'2""",191,,,Louisiana-Lafayette,,,,,,,,,,,,,,nfl.com,2025-07-18 17:13:36.546237
Lawrence Cager,commanders,WR,89.0,"7'7""",220,,,Georgia,,,,,,,,,,,,,,nfl.com,2025-07-18 17:13:36.546387
Sam Cosmi,commanders,G,76.0,"7'8""",309,,,Texas,,,,,,,,,,,,,,nfl.com,2025-07-18 17:13:36.547495
Jacory Croskey-Merritt,commanders,RB,32.0,"7'1""",208,,,Arizona,,,,,,,,,,,,,,nfl.com,2025-07-18 17:13:36.547746
Noah Brown,commanders,WR,85.0,"7'4""",225,,,Ohio State,,,,,,,,,,,,,,nfl.com,2025-07-18 17:13:36.545224
Josh Conerly Jr.,commanders,OT,72.0,"7'6""",315,,,Oregon,,,,,,,,,,,,,,nfl.com,2025-07-18 17:13:36.547148
Fentrell Cypress II,commanders,CB,24.0,"7'2""",187,,,Florida State,,,,,,,,,,,,,,nfl.com,2025-07-18 17:13:36.548066
Jayden Daniels,commanders,QB,5.0,"7'6""",210,,,LSU,,,,,,,,,,,,,,nfl.com,2025-07-18 17:13:36.548420
Carl Davis,commanders,DT,77.0,"7'7""",320,,,Iowa,,,,,,,,,,,,,,nfl.com,2025-07-18 17:13:36.548752
Viliami Fehoko Jr.,commanders,DE,93.0,"7'6""",267,,,San Jose State,,,,,,,,,,,,,,nfl.com,2025-07-18 17:13:36.550422
Michael Deiter,commanders,G,60.0,"7'8""",310,,,Wisconsin,,,,,,,,,,,,,,nfl.com,2025-07-18 17:13:36.549520
Austin Ekeler,commanders,RB,30.0,"7'0""",200,,,Western State,,,,,,,,,,,,,,nfl.com,2025-07-18 17:13:36.549736
Michael Gallup,commanders,WR,12.0,"7'3""",205,,,Colorado State,,,,,,,,,,,,,,nfl.com,2025-07-18 17:13:36.551257
Sheldon Day,commanders,DT,98.0,"7'3""",285,,,Notre Dame,,,,,,,,,,,,,,nfl.com,2025-07-18 17:13:36.549229
Demetric Felton,commanders,RB,25.0,"6'9""",190,,,UCLA,,,,,,,,,,,,,,nfl.com,2025-07-18 17:13:36.550786
Clelin Ferrell,commanders,DE,99.0,"7'6""",265,,,Clemson,,,,,,,,,,,,,,nfl.com,2025-07-18 17:13:36.551033
Zach Ertz,commanders,TE,86.0,"7'7""",250,,,Stanford,,,,,,,,,,,,,,nfl.com,2025-07-18 17:13:36.550097
Matt Gay,commanders,K,16.0,"7'2""",232,,,Utah,,,,,,,,,,,,,,nfl.com,2025-07-18 17:13:36.551523
Allan George,commanders,CB,38.0,"7'3""",195,,,Vanderbilt,,,,,,,,,,,,,,nfl.com,2025-07-18 17:13:36.551808
Eddie Goldman,commanders,NT,97.0,"7'5""",332,,,Florida State,,,,,,,,,,,,,,nfl.com,2025-07-18 17:13:36.552103
Julian Good-Jones,commanders,G,61.0,"7'7""",313,,,Iowa State,,,,,,,,,,,,,,nfl.com,2025-07-18 17:13:36.552365
Dominique Hampton,commanders,SAF,45.0,"7'5""",220,,,Washington,,,,,,,,,,,,,,nfl.com,2025-07-18 17:13:36.552608
Will Harris,commanders,SAF,3.0,"7'3""",207,,,Boston College,,,,,,,,,,,,,,nfl.com,2025-07-18 17:13:36.553028
Sam Hartman,commanders,QB,15.0,"7'3""",209,,,Notre Dame,,,,,,,,,,,,,,nfl.com,2025-07-18 17:13:36.553524
Nate Herbig,commanders,G,53.0,"7'6""",334,,,Stanford,,,,,,,,,,,,,,nfl.com,2025-07-18 17:13:36.553728
Jalyn Holmes,commanders,DT,96.0,"7'7""",283,,,Ohio State,,,,,,,,,,,,,,nfl.com,2025-07-18 17:13:36.553904
Noah Igbinoghene,commanders,CB,6.0,"7'1""",197,,,Auburn,,,,,,,,,,,,,,nfl.com,2025-07-18 17:13:36.554230
Bobby Hart,commanders,OT,51.0,"7'6""",334,,,Florida State,,,,,,,,,,,,,,nfl.com,2025-07-18 17:13:36.553300
Tyree Jackson,commanders,TE,80.0,"7'9""",249,,,Buffalo,,,,,,,,,,,,,,nfl.com,2025-07-18 17:13:36.554643
Javontae Jean-Baptiste,commanders,DE,90.0,"7'6""",260,,,Notre Dame,,,,,,,,,,,,,,nfl.com,2025-07-18 17:13:36.554867
Josh Johnson,commanders,QB,14.0,"7'5""",219,,,San Diego,,,,,,,,,,,,,,nfl.com,2025-07-18 17:13:36.555088
Jacoby Jones,commanders,WR,10.0,"7'5""",228,,,UCF,,,,,,,,,,,,,,nfl.com,2025-07-18 17:13:36.555282
Jonathan Jones,commanders,CB,31.0,"7'0""",190,,,Auburn,,,,,,,,,,,,,,nfl.com,2025-07-18 17:13:36.555519
Andre Jones Jr.,commanders,DE,50.0,"7'7""",258,,,Louisiana-Lafayette,,,,,,,,,,,,,,nfl.com,2025-07-18 17:13:36.555696
Javon Kinlaw,commanders,DT,52.0,"7'7""",319,,,South Carolina,,,,,,,,,,,,,,nfl.com,2025-07-18 17:13:36.556124
Jaylin Lane,commanders,WR,83.0,"7'0""",196,,,Virginia Tech,,,,,,,,,,,,,,nfl.com,2025-07-18 17:13:36.556340
Marshon Lattimore,commanders,CB,2.0,"7'2""",192,,,Ohio State,,,,,,,,,,,,,,nfl.com,2025-07-18 17:13:36.556576
Ale Kaho,commanders,LB,51.0,"7'4""",230,,,UCLA,,,,,,,,,,,,,,nfl.com,2025-07-18 17:13:36.555875
T.J. Maguranyanga,commanders,DE,,"7'6""",222,,,,,,,,,,,,,,,,,nfl.com,2025-07-18 17:13:36.557401
Marcus Mariota,commanders,QB,18.0,"7'6""",222,,,Oregon,,,,,,,,,,,,,,nfl.com,2025-07-18 17:13:36.557576
Frankie Luvu,commanders,LB,4.0,"7'5""",236,,,Washington State,,,,,,,,,,,,,,nfl.com,2025-07-18 17:13:36.556813
Jacob Martin,commanders,LB,55.0,"7'4""",242,,,Temple,,,,,,,,,,,,,,nfl.com,2025-07-18 17:13:36.557969
Quan Martin,commanders,CB,20.0,"7'2""",195,,,Illinois,,,,,,,,,,,,,,nfl.com,2025-07-18 17:13:36.558353
Luke McCaffrey,commanders,WR,11.0,"7'4""",198,,,Rice,,,,,,,,,,,,,,nfl.com,2025-07-18 17:13:36.558556
Robert McDaniel,commanders,DB,47.0,"7'4""",207,,,Jackson State University,,,,,,,,,,,,,,nfl.com,2025-07-18 17:13:36.558769
Jordan Magee,commanders,LB,58.0,"7'5""",226,,,Temple,,,,,,,,,,,,,,nfl.com,2025-07-18 17:13:36.557117
Terry McLaurin,commanders,WR,17.0,"7'2""",210,,,Ohio State,,,,,,,,,,,,,,nfl.com,2025-07-18 17:13:36.559464
Jeremy McNichols,commanders,RB,26.0,"6'9""",214,,,Boise State,,,,,,,,,,,,,,nfl.com,2025-07-18 17:13:36.559774
Chris Moore,commanders,WR,19.0,"7'3""",200,,,Cincinnati,,,,,,,,,,,,,,nfl.com,2025-07-18 17:13:36.560261
Timothy McKay,commanders,OT,68.0,"7'6""",312,,,North Carolina,,,,,,,,,,,,,,nfl.com,2025-07-18 17:13:36.559184
JerZhan Newton,commanders,DT,95.0,"7'4""",295,,,Illinois,,,,,,,,,,,,,,nfl.com,2025-07-18 17:13:36.560603
Ben Nikkel,commanders,SAF,48.0,"7'3""",210,,,Iowa State,,,,,,,,,,,,,,nfl.com,2025-07-18 17:13:36.560863
Kain Medrano,commanders,LB,56.0,"7'5""",230,,,UCLA,,,,,,,,,,,,,,nfl.com,2025-07-18 17:13:36.560064
K.J. Osborn,commanders,WR,13.0,"7'1""",203,,,Miami,,,,,,,,,,,,,,nfl.com,2025-07-18 17:13:36.561314
Tyler Ott,commanders,LS,69.0,"7'5""",253,,,Harvard,,,,,,,,,,,,,,nfl.com,2025-07-18 17:13:36.561547
Tyler Owens,commanders,SAF,40.0,"7'4""",213,,,Texas Tech,,,,,,,,,,,,,,nfl.com,2025-07-18 17:13:36.561723
Chris Paul,commanders,G,75.0,"7'6""",324,,,Tulsa,,,,,,,,,,,,,,nfl.com,2025-07-18 17:13:36.561951
Daron Payne,commanders,NT,94.0,"7'5""",320,,,Alabama,,,,,,,,,,,,,,nfl.com,2025-07-18 17:13:36.562185
Norell Pollard,commanders,DT,64.0,"7'2""",260,,,Virginia Tech,,,,,,,,,,,,,,nfl.com,2025-07-18 17:13:36.562616
Bobby Price,commanders,CB,37.0,"7'6""",205,,,Norfolk State,,,,,,,,,,,,,,nfl.com,2025-07-18 17:13:36.562822
Jeremy Reaves,commanders,SAF,39.0,"7'1""",200,,,South Alabama,,,,,,,,,,,,,,nfl.com,2025-07-18 17:13:36.563094
Brian Robinson,commanders,RB,8.0,"7'3""",228,,,Alabama,,,,,,,,,,,,,,nfl.com,2025-07-18 17:13:36.563286
Tyre Phillips,commanders,OT,62.0,"7'7""",330,,,Mississippi State,,,,,,,,,,,,,,nfl.com,2025-07-18 17:13:36.562379
Chris Rodriguez Jr.,commanders,RB,36.0,"7'1""",224,,,Kentucky,,,,,,,,,,,,,,nfl.com,2025-07-18 17:13:36.563844
Kevon Seymour,commanders,CB,29.0,"7'2""",185,,,USC,,,,,,,,,,,,,,nfl.com,2025-07-18 17:13:36.564857
Deebo Samuel Sr.,commanders,WR,1.0,"7'2""",215,,,South Carolina,,,,,,,,,,,,,,nfl.com,2025-07-18 17:13:36.564238
Mike Sainristil,commanders,CB,,"7'0""",182,,,Michigan,,,,,,,,,,,,,,nfl.com,2025-07-18 17:13:36.564035
Ben Sinnott,commanders,TE,82.0,"7'6""",247,,,Kansas State,,,,,,,,,,,,,,nfl.com,2025-07-18 17:13:36.565208
Mike Strachan,commanders,WR,83.0,"7'7""",225,,,Charleston,,,,,,,,,,,,,,nfl.com,2025-07-18 17:13:36.565504
Foster Sarell,commanders,OT,79.0,"7'9""",315,,,Stanford,,,,,,,,,,,,,,nfl.com,2025-07-18 17:13:36.564402
Trent Scott,commanders,OT,73.0,"7'7""",320,,,Grambling State,,,,,,,,,,,,,,nfl.com,2025-07-18 17:13:36.564617
Cole Turner,commanders,TE,88.0,"7'8""",240,,,Nevada,,,,,,,,,,,,,,nfl.com,2025-07-18 17:13:36.566241
Carlin Vigers,commanders,DB,22.0,"7'4""",200,,,Louisiana-Monroe,,,,,,,,,,,,,,nfl.com,2025-07-18 17:13:36.566506
Bobby Wagner,commanders,MLB,54.0,"7'2""",242,,,Utah State,,,,,,,,,,,,,,nfl.com,2025-07-18 17:13:36.566735
Tress Way,commanders,P,10.0,"7'3""",220,,,Oklahoma,,,,,,,,,,,,,,nfl.com,2025-07-18 17:13:36.567035
Laremy Tunsil,commanders,OT,78.0,"7'7""",316,,,Mississippi,,,,,,,,,,,,,,nfl.com,2025-07-18 17:13:36.566038
Michael Wiley,commanders,RB,34.0,"7'0""",209,,,Arizona,,,,,,,,,,,,,,nfl.com,2025-07-18 17:13:36.567389
Deatrich Wise,commanders,DT,91.0,"7'7""",271,,,Arkansas,,,,,,,,,,,,,,nfl.com,2025-07-18 17:13:36.567666
Andrew Wylie,commanders,G,71.0,"7'8""",309,,,Eastern Michigan,,,,,,,,,,,,,,nfl.com,2025-07-18 17:13:36.567893
Colson Yankoff,commanders,TE,41.0,"7'6""",225,,,UCLA,,,,,,,,,,,,,,nfl.com,2025-07-18 17:13:36.568177
Eric Banks,buccaneers,DE,93.0,"7'7""",274,,,Texas-San Antonio,,,,,,,,,,,,,,nfl.com,2025-07-18 17:13:45.063934
Connor Bazelak,buccaneers,QB,8.0,"7'4""",212,,,Bowling Green,,,,,,,,,,,,,,nfl.com,2025-07-18 17:13:45.065105
Graham Barton,buccaneers,C,62.0,"7'7""",314,,,Duke,,,,,,,,,,,,,,nfl.com,2025-07-18 17:13:45.064994
Marcus Banks,buccaneers,SAF,39.0,"7'2""",190,,,Mississippi State,,,,,,,,,,,,,,nfl.com,2025-07-18 17:13:45.064564
Ben Bredeson,buccaneers,G,68.0,"7'7""",315,,,Michigan,,,,,,,,,,,,,,nfl.com,2025-07-18 17:13:45.065715
C.J. Brewer,buccaneers,DT,52.0,"7'4""",290,,,Coastal Carolina,,,,,,,,,,,,,,nfl.com,2025-07-18 17:13:45.065825
John Bullock,buccaneers,LB,57.0,"7'2""",230,,,Nebraska,,,,,,,,,,,,,,nfl.com,2025-07-18 17:13:45.066617
Chris Braswell,buccaneers,LB,43.0,"7'5""",255,,,Alabama,,,,,,,,,,,,,,nfl.com,2025-07-18 17:13:45.065274
Ryan Coe,buccaneers,K,39.0,"7'5""",225,,,California,,,,,,,,,,,,,,nfl.com,2025-07-18 17:13:45.067892
Devin Culp,buccaneers,TE,82.0,"7'6""",237,,,Washington,,,,,,,,,,,,,,nfl.com,2025-07-18 17:13:45.068274
Lavonte David,buccaneers,OLB,54.0,"7'3""",233,,,Nebraska,,,,,,,,,,,,,,nfl.com,2025-07-18 17:13:45.068688
Jamel Dean,buccaneers,CB,35.0,"7'3""",206,,,Auburn,,,,,,,,,,,,,,nfl.com,2025-07-18 17:13:45.069013
Evan Deckers,buccaneers,LS,86.0,"7'5""",252,,,Duke,,,,,,,,,,,,,,nfl.com,2025-07-18 17:13:45.069211
Yaya Diaby,buccaneers,LB,,"7'5""",270,,,Louisville,,,,,,,,,,,,,,nfl.com,2025-07-18 17:13:45.069589
Riley Dixon,buccaneers,P,92.0,"7'6""",221,,,Syracuse,,,,,,,,,,,,,,nfl.com,2025-07-18 17:13:45.070015
Payne Durham,buccaneers,TE,87.0,"7'7""",255,,,Purdue,,,,,,,,,,,,,,nfl.com,2025-07-18 17:13:45.070256
SirVocea Dennis,buccaneers,LB,8.0,"7'2""",230,,,Pittsburgh,,,,,,,,,,,,,,nfl.com,2025-07-18 17:13:45.069427
Emeka Egbuka,buccaneers,WR,9.0,"7'2""",202,,,Ohio State,,,,,,,,,,,,,,nfl.com,2025-07-18 17:13:45.071077
Mike Evans,buccaneers,WR,13.0,"7'7""",231,,,Texas A&M,,,,,,,,,,,,,,nfl.com,2025-07-18 17:13:45.071289
Tyrek Funderburk,buccaneers,CB,24.0,"7'2""",185,,,Appalachian State,,,,,,,,,,,,,,nfl.com,2025-07-18 17:13:45.071479
Silas Dzansi,buccaneers,OT,61.0,"7'7""",335,,,Virginia Tech,,,,,,,,,,,,,,nfl.com,2025-07-18 17:13:45.070813
Greg Gaines,buccaneers,DT,96.0,"7'3""",312,,,Washington,,,,,,,,,,,,,,nfl.com,2025-07-18 17:13:45.071822
Chris Godwin,buccaneers,WR,14.0,"7'3""",209,,,Penn State,,,,,,,,,,,,,,nfl.com,2025-07-18 17:13:45.072436
Adam Gotsis,buccaneers,DE,97.0,"7'6""",287,,,Georgia Tech,,,,,,,,,,,,,,nfl.com,2025-07-18 17:13:45.072906
Garrett Greene,buccaneers,WR,85.0,"7'1""",201,,,West Virginia,,,,,,,,,,,,,,nfl.com,2025-07-18 17:13:45.073153
Mike Greene,buccaneers,DT,91.0,"7'5""",293,,,James Madison,,,,,,,,,,,,,,nfl.com,2025-07-18 17:13:45.073310
Luke Goedeke,buccaneers,OT,67.0,"7'7""",312,,,Central Michigan,,,,,,,,,,,,,,nfl.com,2025-07-18 17:13:45.072681
Bryce Hall,buccaneers,CB,34.0,"7'3""",202,,,Virginia,,,,,,,,,,,,,,nfl.com,2025-07-18 17:13:45.074384
Luke Haggard,buccaneers,OL,72.0,"7'9""",305,,,Indiana,,,,,,,,,,,,,,nfl.com,2025-07-18 17:13:45.074141
Josh Hayes,buccaneers,DB,32.0,"7'2""",190,,,Kansas State,,,,,,,,,,,,,,nfl.com,2025-07-18 17:13:45.075040
Logan Hall,buccaneers,DE,90.0,"7'8""",283,,,Houston,,,,,,,,,,,,,,nfl.com,2025-07-18 17:13:45.074580
Garret Greenfield,buccaneers,OT,74.0,"7'9""",320,,,South Dakota State,,,,,,,,,,,,,,nfl.com,2025-07-18 17:13:45.073718
Dennis Houston,buccaneers,WR,89.0,"7'3""",198,,,Western Illinois,,,,,,,,,,,,,,nfl.com,2025-07-18 17:13:45.075537
Nash Hutmacher,buccaneers,NT,64.0,"7'5""",314,,,Nebraska,,,,,,,,,,,,,,nfl.com,2025-07-18 17:13:45.075765
Antonio Grier Jr.,buccaneers,LB,48.0,"7'3""",230,,,Arkansas,,,,,,,,,,,,,,nfl.com,2025-07-18 17:13:45.073968
Bucky Irving,buccaneers,RB,7.0,"7'0""",194,,,Oregon,,,,,,,,,,,,,,nfl.com,2025-07-18 17:13:45.076423
Christian Izien,buccaneers,SAF,29.0,"7'0""",200,,,Rutgers,,,,,,,,,,,,,,nfl.com,2025-07-18 17:13:45.076702
Benjamin Chukwuma,buccaneers,OT,70.0,"7'8""",310,,,Georgia State,,,,,,,,,,,,,,nfl.com,2025-07-18 17:13:45.066700
Charlie Heck,buccaneers,OT,77.0,"8'0""",311,,,North Carolina,,,,,,,,,,,,,,nfl.com,2025-07-18 17:13:45.075286
Nick Jackson,buccaneers,LB,53.0,"7'2""",237,,,Iowa,,,,,,,,,,,,,,nfl.com,2025-07-18 17:13:45.076952
Rakim Jarrett,buccaneers,WR,18.0,"7'2""",192,,,Maryland,,,,,,,,,,,,,,nfl.com,2025-07-18 17:13:45.077315
Kameron Johnson,buccaneers,WR,19.0,"7'0""",195,,,Barton College,,,,,,,,,,,,,,nfl.com,2025-07-18 17:13:45.077621
Tez Johnson,buccaneers,WR,83.0,"6'9""",156,,,Oregon,,,,,,,,,,,,,,nfl.com,2025-07-18 17:13:45.077881
Dvon J-Thomas,buccaneers,DT,73.0,"7'3""",305,,,Penn State,,,,,,,,,,,,,,nfl.com,2025-07-18 17:13:45.078493
Jake Julien,buccaneers,P,16.0,"7'4""",217,,,Eastern Michigan,,,,,,,,,,,,,,nfl.com,2025-07-18 17:13:45.078759
Jake Majors,buccaneers,C,65.0,"7'5""",306,,,Texas,,,,,,,,,,,,,,nfl.com,2025-07-18 17:13:45.079829
Cody Mauch,buccaneers,G,69.0,"7'8""",303,,,North Dakota State,,,,,,,,,,,,,,nfl.com,2025-07-18 17:13:45.080121
Calijah Kancey,buccaneers,DT,94.0,"7'2""",280,,,Pittsburgh,,,,,,,,,,,,,,nfl.com,2025-07-18 17:13:45.078971
Elijah Klein,buccaneers,G,79.0,"7'6""",319,,,Texas-El Paso,,,,,,,,,,,,,,nfl.com,2025-07-18 17:13:45.079594
Ko Kieft,buccaneers,TE,41.0,"7'7""",265,,,Minnesota,,,,,,,,,,,,,,nfl.com,2025-07-18 17:13:45.079240
Deion Jones,buccaneers,LB,45.0,"7'3""",222,,,LSU,,,,,,,,,,,,,,nfl.com,2025-07-18 17:13:45.078207
Baker Mayfield,buccaneers,QB,6.0,"7'3""",215,,,Oklahoma,,,,,,,,,,,,,,nfl.com,2025-07-18 17:13:45.080430
Zyon McCollum,buccaneers,CB,27.0,"7'4""",199,,,Sam Houston State,,,,,,,,,,,,,,nfl.com,2025-07-18 17:13:45.080647
Chase McLaughlin,buccaneers,K,4.0,"7'2""",190,,,Illinois,,,,,,,,,,,,,,nfl.com,2025-07-18 17:13:45.081000
Jalen McMillan,buccaneers,WR,15.0,"7'3""",192,,,Washington,,,,,,,,,,,,,,nfl.com,2025-07-18 17:13:45.081221
Kaevon Merriweather,buccaneers,SAF,26.0,"7'2""",212,,,Iowa,,,,,,,,,,,,,,nfl.com,2025-07-18 17:13:45.081396
Lorenz Metz,buccaneers,OL,71.0,"8'1""",310,,,Cincinnati,,,,,,,,,,,,,,nfl.com,2025-07-18 17:13:45.081660
Ryan Miller,buccaneers,WR,81.0,"7'4""",221,,,Furman,,,,,,,,,,,,,,nfl.com,2025-07-18 17:13:45.081909
Benjamin Morrison,buccaneers,CB,,"7'2""",190,,,Notre Dame,,,,,,,,,,,,,,nfl.com,2025-07-18 17:13:45.082078
Sua Opeta,buccaneers,G,76.0,"7'6""",305,,,Weber State,,,,,,,,,,,,,,nfl.com,2025-07-18 17:13:45.082838
Cade Otton,buccaneers,TE,88.0,"7'7""",247,,,Washington,,,,,,,,,,,,,,nfl.com,2025-07-18 17:13:45.083050
Trey Palmer,buccaneers,WR,10.0,"7'3""",190,,,Nebraska,,,,,,,,,,,,,,nfl.com,2025-07-18 17:13:45.083252
Anthony Nelson,buccaneers,LB,98.0,"7'9""",271,,,Iowa,,,,,,,,,,,,,,nfl.com,2025-07-18 17:13:45.082315
Raiqwon ONeal,buccaneers,OT,75.0,"7'6""",305,,,UCLA,,,,,,,,,,,,,,nfl.com,2025-07-18 17:13:45.082573
Roman Parodie,buccaneers,CB,46.0,"7'4""",204,,,Ohio,,,,,,,,,,,,,,nfl.com,2025-07-18 17:13:45.083992
Jacob Parrish,buccaneers,CB,25.0,"6'9""",191,,,Kansas State,,,,,,,,,,,,,,nfl.com,2025-07-18 17:13:45.084254
Michael Pratt,buccaneers,QB,11.0,"7'4""",217,,,Tulane,,,,,,,,,,,,,,nfl.com,2025-07-18 17:13:45.084778
Haason Reddick,buccaneers,OLB,5.0,"7'3""",235,,,Temple,,,,,,,,,,,,,,nfl.com,2025-07-18 17:13:45.085376
Elijah Roberts,buccaneers,DE,95.0,"7'5""",285,,,SMU,,,,,,,,,,,,,,nfl.com,2025-07-18 17:13:45.085611
Warren Peeples,buccaneers,LB,59.0,"7'4""",230,,,Southeastern Louisiana,,,,,,,,,,,,,,nfl.com,2025-07-18 17:13:45.084481
JJ Roberts,buccaneers,SAF,36.0,"7'0""",181,,,Marshall,,,,,,,,,,,,,,nfl.com,2025-07-18 17:13:45.086044
Jose Ramirez,buccaneers,LB,33.0,"7'4""",252,,,Eastern Michigan,,,,,,,,,,,,,,nfl.com,2025-07-18 17:13:45.085085
Shilo Sanders,buccaneers,SAF,28.0,"7'2""",195,,,Colorado,,,,,,,,,,,,,,nfl.com,2025-07-18 17:13:45.086539
Ben Scott,buccaneers,G,66.0,"7'7""",305,,,Nebraska,,,,,,,,,,,,,,nfl.com,2025-07-18 17:13:45.086725
Sterling Shepard,buccaneers,WR,17.0,"7'0""",194,,,Oklahoma,,,,,,,,,,,,,,nfl.com,2025-07-18 17:13:45.086978
Tykee Smith,buccaneers,SAF,23.0,"7'0""",202,,,Georgia,,,,,,,,,,,,,,nfl.com,2025-07-18 17:13:45.087215
Tanner Taula,buccaneers,TE,84.0,"7'8""",255,,,Illinois State,,,,,,,,,,,,,,nfl.com,2025-07-18 17:13:45.087528
Kyle Trask,buccaneers,QB,2.0,"7'7""",236,,,Florida,,,,,,,,,,,,,,nfl.com,2025-07-18 17:13:45.087781
David Walker,buccaneers,LB,51.0,"7'2""",263,,,Central Arkansas,,,,,,,,,,,,,,nfl.com,2025-07-18 17:13:45.088909
Anthony Walker,buccaneers,MLB,3.0,"7'3""",242,,,Northwestern,,,,,,,,,,,,,,nfl.com,2025-07-18 17:13:45.088735
Kindle Vildor,buccaneers,CB,22.0,"7'1""",183,,,Georgia Southern,,,,,,,,,,,,,,nfl.com,2025-07-18 17:13:45.088527
Vita Vea,buccaneers,DT,50.0,"7'6""",347,,,Washington,,,,,,,,,,,,,,nfl.com,2025-07-18 17:13:45.088313
Sean Tucker,buccaneers,RB,44.0,"7'0""",205,,,Syracuse,,,,,,,,,,,,,,nfl.com,2025-07-18 17:13:45.088021
Desmond Watson,buccaneers,DT,56.0,"7'8""",264,,,Florida,,,,,,,,,,,,,,nfl.com,2025-07-18 17:13:45.089548
Rachaad White,buccaneers,RB,1.0,"7'2""",214,,,Arizona State,,,,,,,,,,,,,,nfl.com,2025-07-18 17:13:45.090011
D.J. Williams,buccaneers,RB,30.0,"7'2""",225,,,Arizona,,,,,,,,,,,,,,nfl.com,2025-07-18 17:13:45.090308
Josh Williams,buccaneers,RB,37.0,"6'8""",196,,,LSU,,,,,,,,,,,,,,nfl.com,2025-07-18 17:13:45.090635
Antoine Winfield Jr.,buccaneers,SAF,31.0,"6'9""",203,,,Minnesota,,,,,,,,,,,,,,nfl.com,2025-07-18 17:13:45.090986
Markees Watts,buccaneers,LB,58.0,"7'3""",240,,,Charlotte,,,,,,,,,,,,,,nfl.com,2025-07-18 17:13:45.089748
Rashad Wisdom,buccaneers,SAF,38.0,"6'9""",210,,,Texas-San Antonio,,,,,,,,,,,,,,nfl.com,2025-07-18 17:13:45.092846
Tristan Wirfs,buccaneers,OT,78.0,"7'7""",320,,,Iowa,,,,,,,,,,,,,,nfl.com,2025-07-18 17:13:45.091684
Saquon Barkley,eagles,RB,26.0,"7'2""",232,,,Penn State,,,,,,,,,,,,,,nfl.com,2025-07-18 17:13:54.200061
Reed Blankenship,eagles,SAF,32.0,"7'3""",203,,,Middle Tennessee State,,,,,,,,,,,,,,nfl.com,2025-07-18 17:13:54.200617
Thomas Booker,eagles,DT,59.0,"7'5""",301,,,Stanford,,,,,,,,,,,,,,nfl.com,2025-07-18 17:13:54.200861
A.J. Brown,eagles,WR,11.0,"7'3""",226,,,Mississippi,,,,,,,,,,,,,,nfl.com,2025-07-18 17:13:54.201258
Sydney Brown,eagles,SAF,21.0,"7'0""",211,,,Illinois,,,,,,,,,,,,,,nfl.com,2025-07-18 17:13:54.202134
Zack Baun,eagles,LB,53.0,"7'5""",225,,,Wisconsin,,,,,,,,,,,,,,nfl.com,2025-07-18 17:13:54.200403
Harrison Bryant,eagles,TE,85.0,"7'7""",243,,,Florida Atlantic,,,,,,,,,,,,,,nfl.com,2025-07-18 17:13:54.202671
Grant Calcaterra,eagles,TE,81.0,"7'6""",240,,,SMU,,,,,,,,,,,,,,nfl.com,2025-07-18 17:13:54.202999
Lewis Cine,eagles,SAF,38.0,"7'4""",199,,,Georgia,,,,,,,,,,,,,,nfl.com,2025-07-18 17:13:54.204164
Jalen Carter,eagles,DT,98.0,"7'5""",314,,,Georgia,,,,,,,,,,,,,,nfl.com,2025-07-18 17:13:54.203573
Tariq Castro-Fields,eagles,CB,46.0,"7'3""",197,,,Penn State,,,,,,,,,,,,,,nfl.com,2025-07-18 17:13:54.203776
Elijah Cooks,eagles,WR,86.0,"7'6""",215,,,San Jose State,,,,,,,,,,,,,,nfl.com,2025-07-18 17:13:54.204383
Darius Cooper,eagles,WR,41.0,"7'1""",210,,,Tarleton State,,,,,,,,,,,,,,nfl.com,2025-07-18 17:13:54.204564
Jordan Davis,eagles,DT,90.0,"7'8""",336,,,Georgia,,,,,,,,,,,,,,nfl.com,2025-07-18 17:13:54.204843
Jihaad Campbell,eagles,LB,,"7'5""",244,,,Alabama,,,,,,,,,,,,,,nfl.com,2025-07-18 17:13:54.203199
Cooper DeJean,eagles,CB,33.0,"7'2""",198,,,Iowa,,,,,,,,,,,,,,nfl.com,2025-07-18 17:13:54.205533
Landon Dickerson,eagles,G,69.0,"7'8""",333,,,Alabama,,,,,,,,,,,,,,nfl.com,2025-07-18 17:13:54.205727
AJ Dillon,eagles,RB,29.0,"7'2""",247,,,Boston College,,,,,,,,,,,,,,nfl.com,2025-07-18 17:13:54.206079
Nakobe Dean,eagles,LB,17.0,"7'1""",231,,,Georgia,,,,,,,,,,,,,,nfl.com,2025-07-18 17:13:54.205047
Jahan Dotson,eagles,WR,2.0,"7'1""",184,,,Penn State,,,,,,,,,,,,,,nfl.com,2025-07-18 17:13:54.206723
Jake Elliott,eagles,K,4.0,"6'9""",167,,,Memphis,,,,,,,,,,,,,,nfl.com,2025-07-18 17:13:54.207032
Dallas Goedert,eagles,TE,88.0,"7'7""",256,,,South Dakota State,,,,,,,,,,,,,,nfl.com,2025-07-18 17:13:54.207424
Lance Dixon,eagles,LB,41.0,"7'4""",233,,,Toledo,,,,,,,,,,,,,,nfl.com,2025-07-18 17:13:54.206482
Kylen Granson,eagles,TE,83.0,"7'5""",242,,,SMU,,,,,,,,,,,,,,nfl.com,2025-07-18 17:13:54.207837
Danny Gray,eagles,WR,80.0,"7'2""",200,,,SMU,,,,,,,,,,,,,,nfl.com,2025-07-18 17:13:54.208055
Dallas Gant,eagles,LB,57.0,"7'4""",224,,,Toledo,,,,,,,,,,,,,,nfl.com,2025-07-18 17:13:54.207251
KJ Henry,eagles,DE,50.0,"7'6""",255,,,Clemson,,,,,,,,,,,,,,nfl.com,2025-07-18 17:13:54.208785
Gabe Hall,eagles,DT,96.0,"7'8""",295,,,Baylor,,,,,,,,,,,,,,nfl.com,2025-07-18 17:13:54.208504
Maxen Hook,eagles,SAF,37.0,"7'2""",203,,,Toledo,,,,,,,,,,,,,,nfl.com,2025-07-18 17:13:54.209409
Kenyon Green,eagles,OT,76.0,"7'6""",323,,,Texas A&M,,,,,,,,,,,,,,nfl.com,2025-07-18 17:13:54.208360
Charley Hughlett,eagles,LS,47.0,"7'6""",251,,,UCF,,,,,,,,,,,,,,nfl.com,2025-07-18 17:13:54.209636
Myles Hinton,eagles,OT,78.0,"7'8""",323,,,Michigan,,,,,,,,,,,,,,nfl.com,2025-07-18 17:13:54.209095
Jalen Hurts,eagles,QB,1.0,"7'3""",223,,,Oklahoma,,,,,,,,,,,,,,nfl.com,2025-07-18 17:13:54.210749
Adoree Jackson,eagles,CB,8.0,"7'1""",185,,,USC,,,,,,,,,,,,,,nfl.com,2025-07-18 17:13:54.211055
Jalyx Hunt,eagles,LB,58.0,"7'5""",252,,,Houston Christian University,,,,,,,,,,,,,,nfl.com,2025-07-18 17:13:54.209964
Giles Jackson,eagles,WR,,"6'9""",187,,,Washington,,,,,,,,,,,,,,nfl.com,2025-07-18 17:13:54.211311
E.J. Jenkins,eagles,TE,84.0,"7'8""",245,,,Georgia Tech,,,,,,,,,,,,,,nfl.com,2025-07-18 17:13:54.211539
Brandon Johnson,eagles,DB,35.0,"7'0""",185,,,Oregon,,,,,,,,,,,,,,nfl.com,2025-07-18 17:13:54.211778
Montrell Johnson Jr.,eagles,RB,34.0,"7'1""",212,,,Florida,,,,,,,,,,,,,,nfl.com,2025-07-18 17:13:54.212422
Cam Jurgens,eagles,C,51.0,"7'5""",303,,,Nebraska,,,,,,,,,,,,,,nfl.com,2025-07-18 17:13:54.212639
Trevor Keegan,eagles,G,77.0,"7'7""",306,,,Michigan,,,,,,,,,,,,,,nfl.com,2025-07-18 17:13:54.212804
Lane Johnson,eagles,OT,65.0,"7'8""",325,,,Oklahoma,,,,,,,,,,,,,,nfl.com,2025-07-18 17:13:54.211985
Patrick Johnson,eagles,LB,48.0,"7'4""",248,,,Tulane,,,,,,,,,,,,,,nfl.com,2025-07-18 17:13:54.212195
Drew Kendall,eagles,C,66.0,"7'6""",308,,,Boston College,,,,,,,,,,,,,,nfl.com,2025-07-18 17:13:54.213268
Darian Kinnard,eagles,G,72.0,"7'7""",322,,,Kentucky,,,,,,,,,,,,,,nfl.com,2025-07-18 17:13:54.213516
Cameron Latu,eagles,TE,49.0,"7'7""",244,,,Alabama,,,,,,,,,,,,,,nfl.com,2025-07-18 17:13:54.213935
Braden Mann,eagles,P,10.0,"7'1""",198,,,Texas A&M,,,,,,,,,,,,,,nfl.com,2025-07-18 17:13:54.214380
Terrace Marshall Jr.,eagles,WR,46.0,"7'4""",200,,,LSU,,,,,,,,,,,,,,nfl.com,2025-07-18 17:13:54.214598
Kendall Lamm,eagles,OT,74.0,"7'8""",305,,,Appalachian State,,,,,,,,,,,,,,nfl.com,2025-07-18 17:13:54.213666
Jordan Mailata,eagles,OT,68.0,"8'0""",365,,,,,,,,,,,,,,,,,nfl.com,2025-07-18 17:13:54.214167
BJ Mayes,eagles,DB,49.0,"7'2""",187,,,Texas A&M,,,,,,,,,,,,,,nfl.com,2025-07-18 17:13:54.215446
Tristin McCollum,eagles,SAF,36.0,"7'5""",195,,,Sam Houston State,,,,,,,,,,,,,,nfl.com,2025-07-18 17:13:54.215680
Kyle McCord,eagles,QB,19.0,"7'5""",220,,,Syracuse,,,,,,,,,,,,,,nfl.com,2025-07-18 17:13:54.215871
Ochaun Mathis,eagles,LB,45.0,"7'7""",260,,,Nebraska,,,,,,,,,,,,,,nfl.com,2025-07-18 17:13:54.215071
Tanner McKee,eagles,QB,16.0,"7'8""",230,,,Stanford,,,,,,,,,,,,,,nfl.com,2025-07-18 17:13:54.216355
Mac McWilliams,eagles,CB,22.0,"7'0""",191,,,UCF,,,,,,,,,,,,,,nfl.com,2025-07-18 17:13:54.216679
Quinyon Mitchell,eagles,CB,27.0,"7'2""",193,,,Toledo,,,,,,,,,,,,,,nfl.com,2025-07-18 17:13:54.216868
Taylor Morin,eagles,WR,45.0,"7'1""",185,,,Wake Forest,,,,,,,,,,,,,,nfl.com,2025-07-18 17:13:54.217381
Andrew Mukuba,eagles,SAF,,"7'2""",190,,,Texas,,,,,,,,,,,,,,nfl.com,2025-07-18 17:13:54.217630
Nick Muse,eagles,TE,87.0,"7'7""",252,,,South Carolina,,,,,,,,,,,,,,nfl.com,2025-07-18 17:13:54.217839
Lew Nichols III,eagles,RB,38.0,"7'0""",220,,,Central Michigan,,,,,,,,,,,,,,nfl.com,2025-07-18 17:13:54.218071
Smael Mondon Jr.,eagles,LB,42.0,"7'4""",225,,,Georgia,,,,,,,,,,,,,,nfl.com,2025-07-18 17:13:54.217138
Parry Nickerson,eagles,CB,34.0,"7'0""",182,,,Tulane,,,,,,,,,,,,,,nfl.com,2025-07-18 17:13:54.218403
Moro Ojomo,eagles,DT,97.0,"7'5""",292,,,Texas,,,,,,,,,,,,,,nfl.com,2025-07-18 17:13:54.218541
ShunDerrick Powell,eagles,RB,39.0,"6'7""",183,,,Central Arkansas,,,,,,,,,,,,,,nfl.com,2025-07-18 17:13:54.219278
Azeez Ojulari,eagles,LB,52.0,"7'5""",240,,,Georgia,,,,,,,,,,,,,,nfl.com,2025-07-18 17:13:54.218817
Hollin Pierce,eagles,OT,63.0,"8'0""",341,,,Rutgers,,,,,,,,,,,,,,nfl.com,2025-07-18 17:13:54.219115
Eli Ricks,eagles,CB,23.0,"7'4""",188,,,Alabama,,,,,,,,,,,,,,nfl.com,2025-07-18 17:13:54.220091
Antwaun Powell-Ryland,eagles,LB,93.0,"7'5""",258,,,Virginia Tech,,,,,,,,,,,,,,nfl.com,2025-07-18 17:13:54.219468
Matt Pryor,eagles,OT,79.0,"7'9""",332,,,TCU,,,,,,,,,,,,,,nfl.com,2025-07-18 17:13:54.219688
Kelee Ringo,eagles,CB,7.0,"7'4""",207,,,Georgia,,,,,,,,,,,,,,nfl.com,2025-07-18 17:13:54.220560
Keilan Robinson,eagles,RB,,"6'8""",191,,,Texas,,,,,,,,,,,,,,nfl.com,2025-07-18 17:13:54.220731
Ty Robinson,eagles,DT,95.0,"7'7""",288,,,Nebraska,,,,,,,,,,,,,,nfl.com,2025-07-18 17:13:54.221076
Andre Sam,eagles,SAF,31.0,"7'0""",194,,,LSU,,,,,,,,,,,,,,nfl.com,2025-07-18 17:13:54.221310
Will Shipley,eagles,RB,28.0,"7'1""",210,,,Clemson,,,,,,,,,,,,,,nfl.com,2025-07-18 17:13:54.221470
Ainias Smith,eagles,WR,82.0,"6'9""",176,,,Texas A&M,,,,,,,,,,,,,,nfl.com,2025-07-18 17:13:54.221752
DeVonta Smith,eagles,WR,6.0,"7'2""",170,,,Alabama,,,,,,,,,,,,,,nfl.com,2025-07-18 17:13:54.221883
Marcus Tate,eagles,G,,"7'7""",315,,,Clemson,,,,,,,,,,,,,,nfl.com,2025-07-18 17:13:54.222695
Dorian Thompson-Robinson,eagles,QB,14.0,"7'4""",203,,,UCLA,,,,,,,,,,,,,,nfl.com,2025-07-18 17:13:54.222998
Brett Toth,eagles,OL,64.0,"7'8""",304,,,Army,,,,,,,,,,,,,,nfl.com,2025-07-18 17:13:54.223207
Nolan Smith,eagles,LB,3.0,"7'4""",238,,,Georgia,,,,,,,,,,,,,,nfl.com,2025-07-18 17:13:54.222186
Tyler Steen,eagles,OT,56.0,"7'8""",321,,,Alabama,,,,,,,,,,,,,,nfl.com,2025-07-18 17:13:54.222384
Ben VanSumeren,eagles,RB,43.0,"7'4""",231,,,Michigan State,,,,,,,,,,,,,,nfl.com,2025-07-18 17:13:54.224379
Avery Williams,eagles,RB,18.0,"6'9""",195,,,Boise State,,,,,,,,,,,,,,nfl.com,2025-07-18 17:13:54.224553
Johnny Wilson,eagles,WR,89.0,"7'8""",228,,,Florida State,,,,,,,,,,,,,,nfl.com,2025-07-18 17:13:54.225591
A.J. Woods,eagles,DB,39.0,"6'9""",186,,,Pittsburgh,,,,,,,,,,,,,,nfl.com,2025-07-18 17:13:54.225821
Laekin Vakalahi,eagles,OT,67.0,"7'7""",320,,,,,,,,,,,,,,,,,nfl.com,2025-07-18 17:13:54.224179
Cameron Williams,eagles,OT,,"7'7""",335,,,Texas,,,,,,,,,,,,,,nfl.com,2025-07-18 17:13:54.225331
Joshua Uche,eagles,LB,13.0,"7'5""",226,,,Michigan,,,,,,,,,,,,,,nfl.com,2025-07-18 17:13:54.223925
Byron Young,eagles,DT,94.0,"7'5""",292,,,Alabama,,,,,,,,,,,,,,nfl.com,2025-07-18 17:13:54.226166
Jeremiah Trotter Jr.,eagles,LB,54.0,"7'2""",225,,,Clemson,,,,,,,,,,,,,,nfl.com,2025-07-18 17:13:54.223771
